4core
update accel [-8.45424897  0.44704291 -0.33678861]
[[-1.45904247e-02 -2.29175846e+00  2.27839159e+00]
 [-1.86997900e-02  2.35280556e+00  2.36481349e+00]
 [-2.12388218e+00  2.09121071e+00  1.86267859e-03]
 [-2.68427912e-02  2.63770860e+00 -2.64739033e+00]
 [-2.10905225e+00 -1.22518734e-02  2.09175120e+00]
 [-2.13116430e+00 -1.42712217e-02 -2.11631902e+00]
 [-2.01381352e+00 -2.00512265e+00 -6.49800616e-03]
 [-1.62037165e-02 -2.31127776e+00 -2.30340022e+00]] [1.09461502 1.09352185 1.09733541 1.08949982 1.09744812 1.09708215
 1.09889725 1.0942828 ]


16core
update accel [-6.2848242  -6.63468197 -0.05607445]
[[-0.01459042 -2.29175846  2.27839159]
 [-2.10905225 -0.01225187  2.0917512 ]
 [-2.1311643  -0.01427122 -2.11631902]
 [-2.01381352 -2.00512265 -0.00649801]
 [-0.01620372 -2.31127776 -2.30340022]] [1.09461502 1.09744812 1.09708215 1.09889725 1.0942828 ]