6.799147 6.792934 0.002580 -0.216928 -1.770125 0.641364 -3.644280 -3.661066 -3.752827
6.798240 0.771457 0.776079 -0.447976 -0.517716 0.637218 -7.936584 0.374935 -0.335059
0.778323 6.797961 0.774193 1.197812 -0.517877 0.166358 -0.679340 -8.194218 0.363134
0.779332 0.771206 0.004816 1.449981 -0.580472 1.195483 -0.869811 0.227806 -8.614876
6.796883 0.001017 1.548329 -0.784888 0.248184 0.317558 -5.705966 -6.163641 -0.013834
0.001429 0.775600 2.318462 0.348968 0.517328 -0.530930 -8.310734 -0.529560 0.586499
0.775653 6.795350 2.322847 0.530435 -1.170308 0.564359 -0.589446 -7.752936 -0.468085
0.772447 0.777347 1.549505 -0.270453 0.953889 0.611009 0.029835 -0.489884 -0.422999
6.796315 6.794193 3.099742 -0.926798 -1.457476 1.405752 -5.607239 -5.608669 -0.366964
6.797639 0.775840 3.865807 -0.598082 0.577841 -0.459387 -7.756516 0.172125 0.549200
0.778214 6.797871 3.870925 1.170187 -0.540233 0.819543 -1.024690 -7.993205 0.049908
0.771798 0.773319 3.095160 -0.432787 -0.052234 0.259999 0.052066 0.344430 -0.383077
0.000429 0.000952 4.646285 0.101169 0.232108 1.276236 -6.052077 -5.853734 -0.915168
6.797997 0.776292 5.412398 -0.506861 0.690942 -0.570574 -6.119435 0.278352 6.358497
0.769977 0.002777 5.412119 -0.887624 0.688205 -0.640325 0.366177 -6.162522 6.410260
0.775739 0.781937 4.642732 0.552047 2.100921 0.388653 -0.390559 -1.158463 -0.436064
0.000201 1.549389 6.795543 0.044456 0.581968 -1.120329 -5.795241 -0.630167 -5.978757
0.008620 2.321545 0.763553 2.146499 0.239296 -2.492427 -8.581801 -0.010869 1.601234
0.776362 1.542553 0.770275 0.707926 -1.126188 -0.812891 -0.378523 0.267667 0.531156
0.773616 2.323234 0.004247 0.022783 0.661333 1.052727 0.941600 -0.201723 -8.995047
6.797272 1.548957 1.548227 -0.689929 0.474866 0.291360 -7.995038 0.439513 -0.693785
0.001267 2.319480 2.324350 0.308245 -0.276320 0.939167 -8.423817 0.703094 -1.358661
0.769744 1.550639 2.319115 -0.944920 0.894779 -0.367689 1.316050 -0.310137 0.473569
0.781084 2.318906 1.545026 1.887535 -0.419967 -0.508419 -1.284387 0.532962 -0.201512
0.002338 1.549363 3.089176 0.576190 0.575463 -1.234746 -8.301034 -0.460513 0.814794
0.003376 2.314812 3.867282 0.835803 -1.443317 -0.090841 -8.225193 0.768289 0.327482
0.777275 1.548898 3.874215 0.935862 0.459313 1.640511 -0.617575 -0.314442 -1.418860
0.767960 2.325600 3.092589 -1.390442 1.252383 -0.382464 1.693983 -0.525066 -0.103630
0.005233 1.551667 4.647410 1.299558 1.151567 1.557833 -8.696005 -0.491899 -0.731234
6.798492 2.320447 5.414245 -0.382524 -0.034934 -0.108908 -5.637417 0.375371 6.320016
0.779673 1.544856 5.417506 1.535494 -0.550384 0.708651 -0.509109 0.295858 8.759375
0.776001 2.317632 4.644239 0.617719 -0.737917 0.765763 -0.242538 1.121992 -0.084783
0.002198 3.093952 6.795044 0.543598 -0.041123 -1.245252 -5.970976 0.324595 -6.191233
6.789934 3.862932 0.771914 -2.523824 -1.178442 -0.403986 -7.430662 0.427794 -0.153478
0.780274 3.096668 0.770545 1.685748 0.637745 -0.745378 -0.487156 0.200677 0.590277
0.774818 3.871982 6.799810 0.322105 1.083451 -0.055537 -0.260939 -0.248333 -8.115476
0.005582 3.098534 1.541951 1.387388 1.103133 -1.276537 -8.166902 -0.957145 0.554754
0.002581 3.873866 2.319870 0.637469 1.554067 -0.179019 -7.773274 -0.669048 0.397052
0.777042 3.093547 2.315665 0.877655 -0.142843 -1.230174 -0.719336 0.004837 0.604932
0.773332 3.873352 1.544442 -0.049464 1.425515 -0.654209 -0.099577 -0.808697 0.049250
6.794176 3.089774 3.092111 -1.463400 -1.084835 -0.501845 -7.517160 1.068560 -0.003271
0.001216 3.863944 3.864028 0.295881 -0.925204 -0.904953 -8.103900 0.522485 -0.230381
0.777916 3.098520 3.865330 1.095813 1.099730 -0.579463 -0.974781 -0.780811 -0.213382
0.784885 3.870809 3.095331 2.836778 0.790276 0.303060 -2.129696 -0.122550 -0.296829
0.005962 3.095895 4.640189 1.482291 0.443701 -0.246810 -8.192914 -0.553347 -0.151247
0.002863 3.863899 5.417266 0.709707 -0.936693 0.646094 -6.163640 0.374372 6.056222
0.779164 3.098029 5.419297 1.408151 0.977184 1.155704 -0.600396 -0.598654 7.983881
0.772024 3.868704 4.640308 -0.376144 0.264533 -0.217388 0.129973 0.356186 -0.286159
6.799821 4.641923 0.001956 -0.051004 0.186573 0.483204 -6.329469 -0.213309 -5.830991
0.005154 5.417557 0.780074 1.282106 0.718827 1.635803 -6.373533 6.187766 -0.419194
0.773855 4.640105 0.776936 0.081127 -0.267989 0.851073 -0.344969 -0.298465 -0.796615
0.772092 5.408350 6.798706 -0.358754 -1.582660 -0.329481 0.389452 6.374342 -5.992861
0.000798 4.639568 1.543270 0.190834 -0.402170 -0.947290 -8.577530 -0.252985 0.059316
6.797464 5.410618 2.313340 -0.640804 -1.015482 -1.811519 -6.704940 6.538243 0.392769
0.773064 4.651558 2.321212 -0.116002 2.593804 0.155599 0.172161 -1.802567 -0.414008
0.769490 5.416865 1.549991 -1.008570 0.548196 0.732811 1.091850 8.441037 -0.303419
6.797314 4.644335 3.092526 -0.679405 0.789117 -0.397793 -7.842317 -0.672584 0.139670
0.002727 5.414008 3.861976 0.675362 -0.167805 -1.417352 -6.295892 6.574447 0.295385
0.769454 4.648286 3.870321 -1.018270 1.776026 0.667801 0.399478 -1.430214 -0.653429
0.775273 5.416861 3.085244 0.435747 0.547414 -2.217849 -0.308968 8.667491 0.587034
6.796385 4.640352 4.639413 -0.911708 -0.206519 -0.440824 -7.997069 -0.417481 0.010592
6.797900 5.411080 5.408757 -0.529019 -0.902602 -1.482794 -3.985238 3.918772 4.339356
0.780087 4.636529 5.415323 1.638473 -1.161498 0.162237 -1.097218 0.164321 8.066020
0.771652 5.418224 4.643924 -0.469263 0.887577 0.686565 -0.082365 8.048456 -0.528135
1.547258 0.001922 6.797393 0.049843 0.473952 -0.657899 0.184317 -6.663986 -6.175632
1.549122 0.767562 0.773662 0.515767 -1.490466 0.033173 0.042298 1.346038 -0.022150
2.323162 6.797595 0.774305 0.642618 -0.610143 0.194011 -0.825210 -8.800354 0.115332
2.318756 0.768220 6.797832 -0.457858 -1.326178 -0.550115 0.146501 1.135472 -8.135585
1.545222 0.005802 1.544250 -0.458939 1.441596 -0.701457 0.417716 -8.973013 0.825911
1.548709 0.774810 2.315343 0.412498 0.320517 -1.310059 -0.043719 0.213153 1.180633
2.327280 6.798502 2.325810 1.671816 -0.382910 1.304168 -1.109097 -8.292093 -1.249730
2.318031 0.770678 1.541388 -0.638595 -0.711795 -1.416277 0.758138 0.838472 1.411087
1.538592 6.799382 3.090693 -2.115568 -0.162636 -0.855815 1.255880 -8.178488 0.342627
1.540845 0.770569 3.866758 -1.552134 -0.739259 -0.221758 1.412776 0.645326 0.372992
2.323413 0.003899 3.869660 0.705736 0.966280 0.503072 -0.438608 -8.415079 -0.076170
2.327113 0.762177 3.096602 1.629273 -2.835886 0.620863 -1.961095 2.211190 -0.093017
1.543683 6.798388 4.642070 -0.843634 -0.410859 0.223339 0.466478 -7.897937 -0.270133
1.546279 0.771252 5.415057 -0.194801 -0.569205 0.095972 0.272969 0.168656 8.130013
2.317126 6.799827 5.410301 -0.865081 -0.049461 -1.095105 0.428778 -6.181374 6.205486
2.327009 0.774710 4.642154 1.604283 0.295296 0.243908 -1.023808 0.147543 -0.499975
1.547855 1.549082 6.798757 0.199225 0.505471 -0.318822 0.302796 -0.296601 -8.058901
1.547757 2.319090 0.774654 0.174729 -0.374041 0.280989 0.321977 0.538320 -0.323212
2.322148 1.547561 0.777446 0.389532 0.124806 0.978578 -0.412637 -0.577462 -0.672347
2.325719 2.317238 0.000845 1.282493 -0.836800 0.203154 -0.377025 0.578045 -8.174787
1.542812 1.548542 1.545007 -1.060895 0.370053 -0.513049 0.809545 -0.739057 -0.066858
1.552652 2.318853 2.313120 1.397486 -0.433220 -1.865985 -0.776053 0.515361 0.965658
2.317983 1.550100 2.319239 -0.650903 0.758841 -0.337360 0.471287 -1.368460 -0.128471
2.325657 2.315064 1.541084 1.266633 -1.379734 -1.493099 -0.698184 1.171441 0.579872
1.548109 1.547284 3.097903 0.262336 0.055854 0.945472 -0.254062 -0.393573 -0.681427
1.538936 2.322318 3.866207 -2.029235 0.432118 -0.360199 1.513643 -0.293808 -0.166033
2.323740 1.543433 3.871240 0.787165 -0.905828 0.897737 -0.858298 0.586174 -0.572795
2.318059 2.317437 3.085820 -0.632266 -0.787611 -2.072607 -0.124103 0.170112 2.017523
1.545749 1.550888 4.643805 -0.326375 0.956589 0.656975 1.052541 -0.732902 -0.333819
1.542503 2.322209 5.419824 -1.138341 0.405209 1.287671 0.630392 0.030641 8.125241
2.318534 1.542279 5.421696 -0.513673 -1.194349 1.755553 -0.257377 0.585704 7.961785
2.316229 2.318794 4.645718 -1.089553 -0.448269 1.135070 0.139437 0.167854 -0.536681
1.549191 3.099106 6.798179 0.532993 1.245919 -0.463648 0.093454 -1.010189 -8.337411
1.548912 3.865659 0.771236 0.463346 -0.496655 -0.572747 0.059425 0.434081 0.381331
2.322880 3.091611 0.774339 0.572904 -0.626380 0.202746 -0.107912 0.382037 0.267442
2.315327 3.868590 0.000122 -1.314702 0.235973 0.022308 0.496897 0.322998 -8.192889
1.550796 3.099493 1.548582 0.934222 1.342930 0.380437 0.063208 -0.874186 -0.423336
1.537416 3.864781 2.320154 -2.409215 -0.715125 -0.108814 1.614193 1.337511 -0.265752
2.326597 3.096582 2.322976 1.500931 0.616678 0.595945 -1.210445 0.594955 -1.009874
2.317383 3.870174 1.550111 -0.800426 0.631754 0.763119 0.872014 0.014977 0.052205
1.550703 3.095853 3.090908 0.911042 0.433129 -0.802417 -0.009302 -0.589448 0.098160
1.545918 3.866681 3.868885 -0.284631 -0.240688 0.309425 0.612866 0.901148 -0.171047
2.316931 3.091027 3.871702 -0.913794 -0.772241 1.012538 0.516041 0.492640 -1.092103
2.319331 3.876137 3.089033 -0.314168 2.121351 -1.270347 0.058912 -1.251471 0.988655
1.540866 3.096731 4.635871 -1.547146 0.652910 -1.325263 1.012869 -0.428995 1.077442
1.544239 3.866520 5.412751 -0.703922 -0.281747 -0.480607 0.997170 0.018345 8.113101
2.320176 3.090406 5.416625 -0.103280 -0.927734 0.487659 -0.324393 0.277245 7.940710
2.327518 3.866472 4.643768 1.730938 -0.293966 0.646996 -1.455689 -0.318984 -0.885629
1.547159 4.640559 6.797286 0.025040 -0.154358 -0.686466 -0.030320 -0.169391 -7.983959
1.548673 5.407526 0.775325 0.403319 -1.786016 0.449003 -0.166547 8.916411 -0.081372
2.320805 4.642746 0.776658 0.054599 0.392400 0.781777 0.323363 -0.092085 -0.459626
2.316467 5.413669 6.790716 -1.029764 -0.253481 -2.326627 0.533164 5.755408 -5.513716
1.540561 4.638338 1.539416 -1.623350 -0.709231 -1.909117 1.147606 0.219849 1.751570
1.550894 5.411210 2.319322 0.958183 -0.865217 -0.317166 -0.649183 8.833172 -0.692175
2.322136 4.646653 2.325486 0.386174 1.367326 1.223212 -0.837245 -1.818789 -1.334533
2.320517 5.414272 1.555700 -0.017684 -0.100238 2.158822 0.001163 8.201821 -1.324456
1.545465 4.646637 3.090506 -0.398676 1.363957 -0.902264 -0.166479 -1.320930 0.613459
1.540643 5.406178 3.865403 -1.603479 -2.122908 -0.560730 0.622754 9.155311 0.327324
2.317701 4.638426 3.868056 -0.721227 -0.687398 0.102637 0.647647 0.094622 0.265374
2.312886 5.411429 3.089341 -1.924515 -0.810447 -1.192776 1.083562 8.807373 1.398739
1.546316 4.642912 4.639807 -0.185814 0.433118 -0.342303 0.058730 -0.772572 -0.028246
1.535956 5.414555 5.413766 -2.774742 -0.031623 -0.228467 0.981646 6.141415 6.408587
2.322137 4.638821 5.408433 0.386647 -0.588845 -1.559390 -0.727069 0.025723 8.858502
2.317923 5.414917 4.645281 -0.666141 0.060726 1.025597 0.115679 8.090032 -0.711899
3.091137 6.799291 0.008811 -0.744753 -0.183952 2.196284 0.535468 -6.654015 -6.566373
3.087235 0.768863 0.773431 -1.719312 -1.165401 -0.024101 1.353517 1.058128 0.491099
3.874173 6.795946 0.777521 1.630975 -1.021576 0.997755 -0.515726 -8.022259 -0.236188
3.860320 0.774969 0.002221 -1.830910 0.359585 0.547217 0.832612 -0.352014 -8.007253
3.095698 0.000883 1.543451 0.395066 0.212613 -0.901139 -0.052176 -8.224689 0.835741
3.091105 0.777171 2.328029 -0.753115 0.910210 1.858515 0.190209 -0.213672 -1.745985
3.862668 6.796949 2.326905 -1.244135 -0.770523 1.578568 0.615077 -7.786820 -0.674786
3.866025 0.772552 1.548679 -0.405557 -0.244307 0.405314 -0.073101 0.031846 0.208178
3.092520 0.001639 3.089723 -0.398805 0.401010 -1.097771 0.725586 -8.638435 0.926430
3.102710 0.778159 3.862114 2.146826 1.157228 -1.382277 -1.114691 -0.309822 1.092524
3.860519 0.007995 3.862111 -1.781246 1.990039 -1.384459 0.716718 -8.743639 -0.398174
3.873274 0.781346 3.092629 1.406107 1.952752 -0.372182 -0.666442 -1.600764 0.028354
3.096308 0.000776 4.639029 0.547662 0.186013 -0.536193 0.175037 -8.079482 0.450415
3.093034 0.776921 5.418767 -0.270430 0.847597 1.023314 0.529763 -0.484558 8.033587
3.871980 6.798256 5.421603 1.082766 -0.441948 1.729852 -0.461517 -5.980615 5.564832
3.868299 0.771247 4.641888 0.162602 -0.569594 0.177790 -0.300186 0.837071 -0.312247
3.095900 1.547449 0.006977 0.444911 0.097034 1.735503 -0.559559 -0.489965 -8.680745
3.098686 2.318830 0.773523 1.141814 -0.438596 -0.001299 -0.258523 0.942067 0.149146
3.868996 1.550528 0.773312 0.336771 0.866556 -0.053650 -0.368199 -0.690495 0.574724
3.864634 2.319120 0.000868 -0.753102 -0.366182 0.208532 0.112646 0.754978 -8.462254
3.099289 1.548985 1.545994 1.292357 0.480804 -0.265726 -0.461444 -0.760863 0.561325
3.083087 2.328419 2.319343 -2.756012 1.955685 -0.311080 1.835845 -2.071511 0.127623
3.864359 1.541916 2.327867 -0.821890 -1.283865 1.817931 0.134993 1.826238 -1.806924
3.863948 2.326289 1.551761 -0.924060 1.424094 1.175818 0.714263 -1.276099 0.359308
3.093451 1.543862 3.096654 -0.167012 -0.797899 0.633397 -0.307847 1.457588 -0.521666
3.093568 2.323524 3.865541 -0.137476 0.733435 -0.526348 -0.032033 -0.678077 0.033372
3.869195 1.543281 3.862726 0.387257 -0.942946 -1.229129 0.307412 1.461263 1.171820
3.871012 2.325537 3.090041 0.840289 1.236454 -1.018681 -0.860017 -0.753768 0.561450
3.093467 1.551137 4.644073 -0.162548 1.018927 0.723456 0.156923 -0.501824 -0.805436
3.093230 2.316255 5.418740 -0.222270 -1.082795 1.016844 -0.207478 0.506036 8.325789
3.868439 1.549414 5.406655 0.198140 0.588264 -2.003796 0.030341 -0.461039 8.893068
3.864524 2.321814 4.646549 -0.780170 0.306118 1.341409 0.696610 -0.305768 -1.861721
3.090400 3.104693 0.002471 -0.928762 2.642611 0.609526 0.720194 -1.068901 -8.276141
3.096539 3.870537 0.769413 0.604744 0.721875 -1.027623 -0.486976 -0.742847 1.392500
3.874885 3.091911 0.774876 1.808232 -0.550994 0.336679 -1.268527 0.771464 -0.014825
3.870468 3.871573 6.798162 0.705052 0.980717 -0.468050 -0.099250 -0.855690 -8.457273
3.095897 3.095478 1.548503 0.444134 0.340750 0.360274 -0.671705 0.680492 -0.687509
3.100536 3.876601 2.325561 1.602901 2.237465 1.242541 -1.555971 -1.117203 -0.751452
3.861883 3.093544 2.320306 -1.440025 -0.143704 -0.070281 0.876402 -0.109563 0.148523
3.864940 3.866128 1.555050 -0.675771 -0.379765 1.996684 0.896016 0.108676 -1.132996
3.089787 3.089809 3.088353 -1.082830 -1.076326 -1.439705 0.040585 1.045283 1.496206
3.099430 3.866406 3.868366 1.326234 -0.310878 0.179380 -1.655186 -0.510026 -0.398537
3.864563 3.096434 3.869712 -0.769895 0.578207 0.515738 1.038466 -0.808264 -0.559166
3.862266 3.864575 3.093390 -1.344331 -0.767835 -0.181790 0.971293 0.152027 0.122893
3.094439 3.091970 4.640365 0.079700 -0.537367 -0.202640 -0.451295 -0.395412 0.129112
3.093292 3.864267 5.408431 -0.205957 -0.845223 -1.559558 0.663315 -0.239441 9.156484
3.872208 3.089295 5.407779 1.139684 -1.205293 -1.722581 -0.449953 0.467992 9.195729
3.870612 3.860620 4.641540 0.741564 -1.755712 0.091689 0.198104 1.070809 0.725951
3.095520 4.635745 0.000104 0.350377 -1.356810 0.017776 -0.184750 0.894169 -8.234937
3.097670 5.417596 0.771648 0.887452 0.730298 -0.469695 -0.540564 7.718873 0.510087
3.867848 4.632470 0.777392 0.050190 -2.174780 0.965858 -0.120006 1.676938 0.119458
3.867600 5.421876 0.003005 -0.012168 1.797893 0.744989 -0.390848 5.479703 -6.324367
3.093470 4.641000 1.547190 -0.162350 -0.043962 0.032339 -0.228754 0.030237 -0.482866
3.088761 5.410197 2.321537 -1.338440 -1.118161 0.237556 0.719347 9.089813 0.382264
3.859010 4.646520 2.316262 -2.157457 1.335046 -1.080919 1.860231 -0.952934 0.653469
3.871147 5.415599 1.554223 0.874378 0.231438 1.789793 -0.595515 8.277709 -1.085640
3.095064 4.641522 3.096697 0.236273 0.086687 0.644991 -0.244072 0.264447 0.285279
3.094614 5.409988 3.872475 0.122785 -1.170811 1.206174 -1.228814 8.565020 -0.724852
3.855877 4.639013 3.874890 -2.940258 -0.540919 1.809722 2.207339 -0.222048 -0.952859
3.868798 5.413285 3.097030 0.287253 -0.347122 0.728089 -0.431583 8.229016 0.070749
3.098229 4.634782 4.645398 1.026728 -1.597913 1.054788 -1.049132 0.487851 -0.691508
3.091822 5.409772 5.417557 -0.574143 -1.226964 0.718810 -0.178745 6.588969 6.165218
3.862512 4.647870 5.417183 -1.282944 1.671909 0.627242 0.922393 -1.594270 7.927749
3.859140 5.413088 4.637559 -2.125448 -0.396018 -0.903896 1.186372 8.402147 0.349286
4.644917 0.000739 0.001196 0.934858 0.179012 0.293024 -0.475517 -5.847202 -6.011278
4.636351 0.773588 0.779203 -1.205645 0.014664 1.417665 0.581467 -0.033989 -0.856984
5.419307 6.796787 0.774930 1.156011 -0.809121 0.350221 5.800672 -5.776525 -0.066960
5.410739 0.778810 0.002529 -0.985565 1.320278 0.626539 6.137672 0.074473 -5.814409
4.645550 6.795804 1.549737 1.092758 -1.056942 0.669676 -0.708539 -7.919212 0.188598
4.639612 0.773874 2.321627 -0.390624 0.086058 0.258691 0.323520 -0.197856 -0.963055
5.418462 0.004112 2.314607 0.945286 1.021838 -1.494949 6.249642 -6.091302 0.398297
5.417516 0.773703 1.541359 0.710553 0.043941 -1.424581 7.981435 0.527125 0.477335
4.646046 0.005724 3.093567 1.217078 1.422206 -0.137714 -0.470910 -8.694395 -0.077770
4.646505 0.771737 3.865399 1.331210 -0.446916 -0.562204 -1.091704 1.124857 -0.108301
5.416428 0.006932 3.869447 0.437250 1.725995 0.449474 6.675498 -7.096483 -0.424570
5.421390 0.771389 3.095679 1.679049 -0.534221 0.390161 8.053272 0.838135 -0.195192
4.634792 0.002260 4.627524 -1.595656 0.556208 -3.411620 0.353419 -8.713201 1.502613
4.635165 0.772434 5.413942 -1.501874 -0.273920 -0.183268 0.904321 -0.088387 7.854378
5.422275 6.797561 5.414656 1.895459 -0.613384 -0.009174 3.093946 -3.617839 3.353895
5.415191 0.766702 4.636115 0.129289 -1.705731 -1.264325 8.082010 1.088289 1.041601
4.637560 1.549807 6.799760 -0.904041 0.686651 -0.068035 -0.117488 -0.380416 -7.961958
4.640861 2.321017 0.778335 -0.078832 0.107167 1.200694 -0.104042 0.028294 -0.765142
5.414618 1.552899 0.775626 -0.013678 1.459262 0.524061 8.216864 -0.702609 -0.186845
5.417181 2.312928 6.798614 0.624671 -1.914398 -0.352515 5.818685 0.617025 -6.054048
4.640414 1.547059 1.539086 -0.191161 0.000224 -1.991277 -0.595944 0.119210 2.060711
4.648750 2.318606 2.325072 1.891758 -0.495548 1.119517 -1.819428 -0.084290 -1.471288
5.409963 1.544036 2.325672 -1.176947 -0.756197 1.269989 8.698160 -0.354024 -1.073366
5.413792 2.318689 1.548524 -0.219973 -0.474624 0.366389 8.609596 0.101761 0.180767
4.636290 1.545797 3.087250 -1.220433 -0.315316 -1.715356 1.028427 0.217634 1.679030
4.644292 2.322815 3.869205 0.777797 0.556869 0.389005 -1.299805 0.116207 -0.377419
5.409777 1.549458 3.871763 -1.223725 0.599327 1.027959 8.588589 -0.414339 -0.989497
5.411690 2.316752 3.090896 -0.745133 -0.958683 -0.804707 8.788401 0.358631 0.756440
4.644258 1.549462 4.639163 0.769539 0.600015 -0.503255 -0.839134 -0.730244 -0.114803
4.641974 2.315898 5.414888 0.199558 -1.172371 0.053927 -0.039812 0.215348 8.353881
5.411143 1.544535 5.416721 -0.884378 -0.631275 0.509659 6.280224 -0.319350 5.802172
5.415074 2.319993 4.638830 0.100455 -0.148263 -0.586031 8.566815 0.560439 0.536073
4.640624 3.092931 0.001826 -0.138048 -0.297207 0.447923 0.007366 -0.338874 -8.521557
4.637808 3.870675 0.770674 -0.841067 0.756530 -0.712682 0.808936 -0.511188 1.170299
5.414223 3.093360 0.770926 -0.112746 -0.189575 -0.650208 8.108799 0.031200 0.453476
5.412626 3.866608 6.797141 -0.513964 -0.259220 -0.720641 6.011475 0.458880 -5.774567
4.641554 3.088714 1.549185 0.094637 -1.350015 0.531272 0.081069 1.083356 -0.151886
4.643268 3.860163 2.319639 0.522199 -1.869692 -0.237448 -0.742593 1.227553 -0.204699
5.415796 3.094998 2.318851 0.281202 0.220163 -0.434291 8.770667 0.061341 0.039013
5.418139 3.871917 1.543935 0.865961 1.066885 -0.781089 7.802078 -0.698097 -0.031249
4.641814 3.091297 3.086819 0.159395 -0.704047 -1.823284 -0.141999 1.131853 1.471138
4.638363 3.871590 3.871724 -0.702874 0.985322 1.017929 0.402638 -0.515943 -1.273348
5.413570 3.097707 3.864422 -0.276013 0.897078 -0.806219 8.069589 -0.278581 -0.060020
5.422899 3.871415 3.094054 2.055567 0.941459 -0.015492 7.399601 -0.432506 0.561314
4.645247 3.094928 4.647227 1.017490 0.202302 1.511456 -0.339789 -0.225232 -1.275138
4.646776 3.868131 5.422046 1.398904 0.121751 1.842891 -1.210981 0.665252 7.854071
5.406214 3.095931 5.421344 -2.116362 0.452935 1.665640 6.740373 -0.403054 6.074934
5.417476 3.867610 4.639102 0.700834 -0.009407 -0.518271 8.314171 -0.089658 0.130101
4.636858 4.641402 6.799593 -1.078863 0.056773 -0.109772 0.551986 0.333148 -8.080977
4.633630 5.419696 0.767842 -1.885909 1.255399 -1.420497 0.668928 7.832522 1.147222
5.418549 4.647678 0.778405 0.968447 1.625036 1.218024 7.714162 -0.521946 -1.023322
5.413763 5.418411 0.000319 -0.231976 0.930140 0.075706 3.803486 3.809829 -3.930447
4.646089 4.644967 1.545050 1.227215 0.947121 -0.501377 -0.948229 -0.721374 0.796684
4.637510 5.417413 2.324163 -0.915985 0.684584 0.893564 0.514028 7.754394 -0.083663
5.417039 4.634547 2.325917 0.590932 -1.656673 1.331675 7.792233 0.623143 -0.494630
5.417205 5.412323 1.552645 0.630587 -0.589399 1.396541 5.768938 6.402219 -0.026978
4.632327 4.633478 3.088425 -2.211750 -1.924190 -1.422226 0.606129 0.323228 1.026961
4.643326 5.408546 3.867338 0.536502 -1.532088 -0.077154 -0.944210 8.001462 0.020966
5.421568 4.648354 3.869640 1.723305 1.793261 0.497677 7.774522 -1.235366 -0.685497
5.411593 5.413208 3.093728 -0.772271 -0.368567 -0.097690 6.017290 5.971925 -0.207971
4.646324 4.637750 4.640758 1.285471 -0.856523 -0.104358 -1.476423 0.007116 0.103928
4.639329 5.409715 5.408916 -0.462037 -1.241159 -1.441226 -0.246290 6.490144 6.232884
5.416601 4.642234 5.413294 0.480245 0.264217 -0.346864 6.383357 -0.219777 6.196216
5.413289 5.414452 4.640064 -0.347893 -0.056889 -0.277999 6.402456 6.503995 0.061454
