0.801900 0.761900 0.022400 1.362800 -0.571900 1.024600 -8.927200 0.727600 -12.516300
0.005800 0.783500 2.310200 0.208400 0.465300 -0.485000 -9.247800 -5.108600 4.446600
0.768100 0.792200 1.559000 -0.282200 0.900500 0.572300 -1.306200 -5.448100 -4.061200
0.764600 0.772500 3.099100 -0.444600 -0.035800 0.228600 -1.455200 1.526900 -3.169900
0.001200 0.003900 4.666100 0.000400 0.152100 1.207000 -6.829100 -4.528600 -7.047600
0.755900 0.013000 5.402900 -0.863500 0.587900 -0.512800 2.585200 -6.279000 9.339400
0.784200 0.814800 4.649000 0.506600 1.979700 0.371200 -4.646900 -12.776800 -1.228500
0.000200 1.558400 6.776800 -0.027900 0.532800 -1.210000 -3.655600 -4.699700 -5.426300
0.787300 1.524800 0.757500 0.663400 -1.097800 -0.781500 -4.623000 3.124100 3.050400
0.755300 1.564800 2.313600 -0.842100 0.867800 -0.335500 10.319000 -2.752000 2.930100
0.010300 1.558200 3.069900 0.430800 0.529500 -1.158800 -9.957500 -4.972800 7.913600
0.791800 1.556100 3.899600 0.868100 0.427200 1.516300 -7.062400 -3.472500 -12.660300
0.024400 1.569800 4.672000 1.123600 1.106100 1.505200 -12.918300 -4.726800 -5.300800
0.803900 1.536200 5.430400 1.476500 -0.524900 0.888000 -6.168200 2.599000 13.172500
1.548100 0.008200 6.786000 0.064400 0.321500 -0.761700 1.399000 -11.967400 -6.758100
1.557100 0.744400 0.774100 0.519700 -1.381400 0.007500 0.373200 11.126900 -3.183900
1.538000 0.027200 1.533500 -0.430500 1.233100 -0.625400 2.550400 -16.582200 8.018600
1.555100 0.779600 2.295100 0.408800 0.324300 -1.212400 -0.418100 0.182500 9.701400
1.516700 0.759000 3.863600 -1.431400 -0.697800 -0.196900 12.114900 3.959300 2.261400
1.543200 0.762500 5.417700 -0.171100 -0.571200 0.218300 2.375500 -0.467700 7.288100
1.551100 1.557100 6.792600 0.223600 0.482500 -0.437400 2.401400 -2.199700 -7.072800
1.526300 1.553900 1.537000 -0.981800 0.296200 -0.518900 8.494400 -8.032000 -0.606100
1.552100 1.548000 3.112700 0.238700 0.023300 0.893300 -2.467800 -3.218400 -4.996600
1.541200 1.565800 4.654200 -0.231100 0.894900 0.646100 9.776500 -6.212700 -0.747800
2.311600 0.747600 6.787900 -0.444000 -1.245000 -0.674800 1.522300 7.905700 -7.592700
2.308100 0.759700 1.519600 -0.576100 -0.655800 -1.293100 6.165600 5.439200 12.527000
2.334500 0.018000 3.877700 0.672000 0.807900 0.512100 -3.265000 -11.427300 1.689300
2.351900 0.718000 3.106300 1.444800 -2.642100 0.626900 -19.535900 20.396700 1.207200
2.352200 0.779500 4.646100 1.526700 0.293700 0.223900 -7.363400 -0.333700 -1.416600
2.328200 1.549000 0.792600 0.354900 0.071100 0.900200 -3.388300 -5.753400 -8.432600
2.307900 1.561400 2.313600 -0.605000 0.636800 -0.358600 4.886500 -12.580600 -2.671400
2.335900 1.529200 3.885300 0.720400 -0.861200 0.850800 -6.383900 4.282400 -4.649500
2.310300 1.523500 5.450800 -0.536000 -1.144700 1.863200 -2.224900 4.966400 5.804600
3.060600 0.750800 0.773500 -1.607200 -1.075700 0.000600 11.189600 9.573900 2.192000
3.102100 0.003100 1.529500 0.390900 0.073900 -0.829900 -0.382000 -9.298300 7.152800
3.079100 0.791600 2.356700 -0.729500 0.879900 1.703900 2.719500 -3.194700 -15.859100
3.086600 0.006400 3.072800 -0.316100 0.208200 -0.995600 9.520400 -15.764300 11.456700
3.136400 0.796300 3.840700 2.026200 1.115100 -1.281100 -13.562600 -4.461800 10.609900
3.105100 0.002600 4.630700 0.559900 0.063700 -0.486300 1.082800 -7.490900 5.051900
3.089100 0.790100 5.436200 -0.225000 0.797300 1.138900 4.594700 -4.979400 6.659200
3.102700 1.548800 0.033300 0.394700 0.053300 1.561800 -5.231000 -4.393300 -12.596000
3.119800 1.556200 1.542100 1.257400 0.418900 -0.218000 -3.346900 -6.112900 4.780800
3.090600 1.532100 3.106500 -0.202600 -0.666200 0.590700 -3.961100 13.719800 -4.205000
3.091100 1.567100 4.655100 -0.157000 0.977200 0.667800 0.198500 -4.198000 -5.512000
3.831600 0.780400 0.009900 -1.760000 0.316600 0.433900 7.133400 -4.526400 -6.470000
3.859600 0.768500 1.555200 -0.411800 -0.252000 0.425500 -0.658100 -0.819700 2.140600
3.832600 0.038300 3.839700 -1.704200 1.797100 -1.417000 8.599100 -15.344900 -3.156300
3.895400 0.811200 3.087100 1.337200 1.759300 -0.357000 -7.630400 -22.048400 2.375500
3.870700 0.762700 4.644500 0.131000 -0.510800 0.163500 -3.494600 5.871600 -1.297800
3.874200 1.563900 0.772600 0.312300 0.809500 -0.021600 -2.136700 -5.690200 2.897600
3.851600 1.522500 2.355700 -0.822500 -1.122800 1.642200 -0.680500 16.718700 -19.068900
3.875700 1.529100 3.843900 0.426300 -0.807700 -1.124000 4.596800 14.228700 10.913700
3.871600 1.558500 5.376300 0.202500 0.537800 -1.805600 0.521900 -5.615300 15.411200
4.659700 0.002900 0.005100 0.910000 0.100600 0.205300 -2.249100 -4.300300 -5.034900
4.617500 0.773600 0.801300 -1.145800 -0.008500 1.326500 6.033700 -2.866700 -9.564100
4.633600 0.775100 2.325100 -0.350700 0.048900 0.170600 4.105600 -4.131700 -9.163500
4.665200 0.026900 3.091100 1.189200 1.246600 -0.146700 -2.721500 -12.877300 -1.034800
4.667200 0.765200 3.856400 1.244500 -0.347600 -0.581800 -8.848000 10.583000 -2.426700
4.609500 0.009400 4.573800 -1.563000 0.367600 -3.280700 3.111600 -14.736600 12.930100
4.611800 0.767800 5.411900 -1.414700 -0.283000 -0.078600 8.821500 -0.477600 5.801100
4.623200 1.560600 6.797600 -0.900500 0.656200 -0.178500 0.562900 -2.943100 -6.207600
4.637200 1.547100 1.508500 -0.218400 0.008000 -1.809300 -2.182600 0.727500 18.696300
4.617600 1.541000 3.061000 -1.103000 -0.277900 -1.558700 12.924700 4.858300 16.377400
4.656000 1.558700 4.631200 0.704000 0.537300 -0.490700 -6.864000 -6.260300 1.935400
6.790000 0.763500 0.786000 -0.553000 -0.500100 0.599300 -5.498900 1.614200 -3.762500
6.783700 0.004000 1.553100 -0.850100 0.145300 0.318300 -2.963600 -6.655600 0.148800
6.787100 0.785500 3.858700 -0.692200 0.580200 -0.418000 -4.625100 0.168500 3.947500
6.789000 0.787500 5.404300 -0.603600 0.701100 -0.450300 -5.943700 0.815100 8.441700
6.785200 1.556900 1.552500 -0.802300 0.508400 0.236200 -6.367600 3.152400 -5.330700
5.395900 0.799600 0.011900 -0.885200 1.314500 0.553600 6.378700 -0.697100 -3.659400
5.434600 0.019600 2.290900 1.057100 0.927200 -1.456500 7.673800 -5.733400 4.055200
5.429900 0.774600 1.519000 0.821700 0.075300 -1.389900 6.217500 2.970300 3.238800
5.424700 0.032900 3.876300 0.588600 1.516200 0.395200 11.782500 -18.842800 -6.463900
5.449400 0.763200 3.101900 1.800000 -0.478300 0.370100 7.395900 5.350100 -2.141000
5.418400 0.740000 4.616700 0.251200 -1.610100 -1.145600 7.400000 10.380900 13.078400
5.415500 1.575800 0.783600 0.122700 1.396500 0.495500 9.008600 -6.438000 -3.028100
5.392700 1.531700 2.345200 -0.992700 -0.792100 1.173800 14.147400 -3.904300 -9.935400
5.391800 1.558800 3.887500 -1.047300 0.558500 0.936300 13.430200 -4.348000 -9.616600
5.398000 1.534100 5.425600 -0.771400 -0.657400 0.584100 7.683800 -2.625600 3.882000
0.041400 2.325600 0.724500 1.958800 0.238300 -2.345400 -15.368400 -0.079100 15.908000
0.774700 2.333600 0.019300 0.115500 0.641200 0.832500 10.594400 -2.171300 -18.503900
0.004800 2.315500 2.338600 0.148700 -0.215700 0.816700 -11.577800 6.162300 -12.673700
0.810400 2.312600 1.536900 1.756700 -0.364400 -0.525800 -13.756300 6.128400 -1.737700
0.015500 2.292100 3.866000 0.698900 -1.380800 -0.063400 -9.034700 6.167500 2.714200
0.746600 2.345400 3.086200 -1.258800 1.212600 -0.381500 13.105600 -3.773400 0.509100
0.785600 2.306400 4.656300 0.583200 -0.636600 0.778300 -3.658700 10.418000 1.714500
0.010100 3.093400 6.774200 0.456900 -0.010600 -1.350900 -5.032700 3.167400 -6.935200
0.806900 3.107100 0.758800 1.627800 0.649800 -0.705000 -6.120400 0.955800 3.995700
0.026600 3.115600 1.521900 1.261300 1.023400 -1.227900 -7.681300 -7.960300 5.006600
0.790500 3.091100 2.296300 0.797900 -0.157400 -1.183500 -8.469500 -2.239700 4.450200
0.794800 3.115700 3.855700 0.989800 1.038100 -0.606800 -11.259800 -6.011600 -3.260900
0.028500 3.102700 4.636200 1.350800 0.394000 -0.244900 -8.341000 -5.074800 0.392800
0.801200 3.113300 5.438800 1.339600 0.925200 1.266300 -7.304500 -5.301200 6.145500
1.550900 2.313500 0.778900 0.205600 -0.331300 0.235300 3.254200 4.218800 -4.921300
1.574700 2.312200 2.283900 1.330200 -0.377200 -1.794300 -6.797400 6.186400 6.778500
1.507400 2.329200 3.860500 -1.905100 0.415300 -0.375000 12.353900 -1.260600 -1.524400
1.524600 2.328600 5.441500 -1.083000 0.405400 1.412400 5.624600 -0.100600 7.643600
1.558000 3.118500 6.789500 0.532800 1.157900 -0.608800 -0.405300 -8.988300 -9.787800
1.566000 3.120500 1.554400 0.933700 1.264700 0.341300 -0.315800 -8.054700 -4.116800
1.565100 3.102500 3.078100 0.913100 0.382400 -0.789800 0.271300 -5.055300 1.463800
1.516700 3.106900 4.615400 -1.462400 0.612900 -1.211800 8.489700 -4.250600 12.005400
2.346100 2.304100 0.002900 1.251200 -0.788000 0.077700 -3.046200 4.874600 -7.615900
2.345400 2.293600 1.517500 1.206600 -1.278500 -1.441200 -6.120700 10.325000 5.479000
2.307600 2.304800 3.054000 -0.645400 -0.765500 -1.893100 -1.528600 2.604900 18.570100
2.298700 2.311600 4.663600 -1.072900 -0.431500 1.105600 1.864200 1.869200 -2.652900
2.331600 3.082000 0.777500 0.562000 -0.596400 0.211800 -1.230300 2.958100 0.723700
2.349700 3.106900 2.331900 1.360800 0.698900 0.502000 -16.075800 9.908200 -9.908000
2.302700 3.079100 3.887300 -0.874400 -0.739800 0.934400 3.816700 2.885900 -7.273300
2.318500 3.075800 5.425400 -0.125800 -0.903100 0.597800 -2.051800 2.519200 6.224500
3.116900 2.312400 0.773500 1.114700 -0.353200 0.004500 -2.939100 8.795900 0.702000
3.040200 2.358300 2.314500 -2.579000 1.757900 -0.326600 19.073100 -21.198800 -2.887500
3.091100 2.335000 3.857100 -0.138700 0.675400 -0.523900 -0.107800 -5.785900 0.147400
3.089500 2.299200 5.436200 -0.240700 -1.039800 1.158800 -1.822100 4.298800 9.355500
3.076000 3.146300 0.011000 -0.868800 2.545900 0.458900 5.962100 -10.040200 -10.889000
3.102600 3.101400 1.553800 0.379500 0.396600 0.293700 -6.817000 5.580900 -7.054300
3.072500 3.073300 3.066400 -1.059400 -0.980000 -1.288200 3.351600 10.048400 16.523600
3.095500 3.083100 4.637200 0.039200 -0.569900 -0.179300 -4.136900 -3.234600 2.461500
3.852600 2.313800 0.002800 -0.737400 -0.301600 0.053200 1.835100 6.526500 -10.824700
3.849700 2.348100 1.571000 -0.866400 1.313500 1.193400 5.727000 -11.315800 1.146000
3.884000 2.344900 3.074200 0.768400 1.168400 -0.967300 -7.184300 -7.050100 5.388100
3.852500 2.326600 4.666900 -0.722500 0.278500 1.183400 5.697400 -2.958000 -16.385300
3.903000 3.083500 0.780400 1.696900 -0.486700 0.324900 -11.330000 6.370900 -1.196900
3.839400 3.091100 2.319500 -1.366900 -0.141200 -0.049800 7.306500 0.804500 2.463400
3.852900 3.105100 3.877500 -0.681200 0.500500 0.464300 9.021800 -8.275400 -5.370900
3.890200 3.070300 5.382100 1.094500 -1.155000 -1.483600 -4.829100 5.619100 20.285500
4.639500 2.322600 0.797000 -0.071000 0.110900 1.116500 1.037300 0.446800 -8.903400
4.677900 2.310600 2.342000 1.744600 -0.495200 0.976200 -14.993900 0.401200 -15.444600
4.656000 2.331600 3.875200 0.683000 0.573800 0.354900 -9.254400 2.021700 -3.482700
4.645200 2.297500 5.417000 0.210100 -1.150800 0.194400 1.230900 2.360300 9.063900
4.638300 3.088100 0.007600 -0.124600 -0.322800 0.290300 1.484300 -2.464400 -10.927600
4.643200 3.067700 1.558000 0.112800 -1.263800 0.525400 1.927000 8.398900 -0.254900
4.644200 3.080700 3.058700 0.164100 -0.615200 -1.699200 0.802300 8.634200 12.535800
4.661200 3.098100 4.670700 1.012100 0.183800 1.408300 0.064700 -1.873500 -10.646600
6.791700 2.320100 5.413600 -0.444700 0.002500 0.011200 -2.745100 3.987200 8.602100
6.769900 3.073000 3.084100 -1.555400 -1.002600 -0.494600 -5.130300 7.919400 1.053100
5.427900 2.282800 6.792000 0.701200 -1.861900 -0.451100 4.151300 5.288300 -6.487400
5.411700 2.311500 1.554400 -0.054600 -0.465400 0.383800 11.677700 0.992800 1.862900
5.401300 2.301600 3.078600 -0.552500 -0.926300 -0.722100 15.099500 3.380900 9.255500
5.418100 2.317900 4.629800 0.260900 -0.098400 -0.525200 11.158900 5.104400 6.315700
5.413500 3.090100 0.760600 0.008700 -0.187100 -0.624700 7.254300 0.193500 2.422500
5.421800 3.098200 2.311600 0.462000 0.223000 -0.430400 13.323100 0.134100 0.373100
5.410200 3.112000 3.851600 -0.159400 0.874200 -0.810000 6.700700 -2.279200 -0.336500
5.373600 3.102900 5.448900 -1.949800 0.409600 1.768100 13.737900 -4.850500 6.978400
0.779600 3.889200 6.797800 0.287900 1.059700 -0.177900 -3.547200 -2.474400 -7.335600
0.011800 3.898400 2.317200 0.542500 1.499500 -0.149300 -4.710000 -5.371900 2.726400
0.772400 3.895500 1.534100 -0.077800 1.337000 -0.643500 -3.394400 -9.926300 1.459000
0.004800 3.849500 3.849600 0.174900 -0.880800 -0.924000 -7.213900 4.450300 -1.881200
0.828900 3.883600 3.100100 2.637700 0.789000 0.294200 -20.460500 0.165300 -0.025500
0.013200 3.849100 5.428500 0.607300 -0.905700 0.739000 -6.614700 3.019900 5.597500
0.765600 3.873200 4.636800 -0.377500 0.299100 -0.228700 -0.258200 3.619900 -0.938600
0.774900 4.636100 0.789800 0.027900 -0.267700 0.746800 -6.073000 0.782900 -11.878900
0.002400 4.633200 1.528100 0.027300 -0.410200 -0.942400 -11.615500 -0.627100 0.514600
0.771500 4.692000 2.323400 -0.114000 2.429800 0.109900 0.071700 -17.484200 -5.163100
0.753500 4.675800 3.880600 -1.008300 1.648000 0.615700 0.337700 -13.755800 -5.066800
0.805600 4.618200 5.419000 1.525700 -1.137300 0.284400 -11.762300 2.517600 7.521400
1.556100 3.858000 0.762500 0.469800 -0.454400 -0.549900 0.713500 4.479200 2.386600
1.499900 3.854200 2.318300 -2.259200 -0.594800 -0.144000 15.760100 12.462800 -4.145600
1.541800 3.863400 3.873700 -0.221700 -0.162100 0.299700 6.828700 8.010300 -0.769600
1.533600 3.861700 5.406200 -0.604900 -0.278800 -0.361200 10.650400 0.335000 6.882500
1.547200 4.638200 6.785300 0.023300 -0.153500 -0.796400 -0.169700 0.398000 -6.021300
1.515400 4.627300 1.509900 -1.514100 -0.674200 -1.746900 11.819800 3.846700 17.028900
1.539100 4.667700 3.076400 -0.415800 1.252700 -0.854000 -1.929900 -11.625500 4.649500
1.543100 4.649500 4.634200 -0.182900 0.381500 -0.326800 0.169800 -4.941900 1.916000
2.294800 3.872600 6.799200 -1.263700 0.270200 -0.108400 5.624100 3.793000 -8.308200
2.305000 3.880600 1.562100 -0.730800 0.638800 0.769400 6.828100 1.034900 0.645600
2.314600 3.909200 3.069400 -0.317600 2.015800 -1.196800 -0.669300 -10.762000 7.043900
2.354300 3.861600 4.653600 1.596700 -0.327800 0.569600 -14.002800 -3.692900 -8.408500
2.321800 4.649200 0.788900 0.086800 0.390100 0.730900 3.383100 -0.463800 -5.168800
2.328000 4.667300 2.344100 0.329600 1.207600 1.103200 -5.126600 -16.921600 -12.585300
2.306600 4.627500 3.869700 -0.668800 -0.664800 0.122100 5.183100 2.446100 1.849400
2.328000 4.629200 5.385100 0.325400 -0.577600 -1.369700 -6.089700 1.082600 14.331000
3.105900 3.881500 0.753800 0.556800 0.659100 -0.913100 -5.171400 -6.327500 11.862300
3.125100 3.911700 2.345100 1.443700 2.126200 1.175500 -17.434600 -12.032500 -6.944200
3.119600 3.861100 3.871000 1.171900 -0.358200 0.153900 -16.260600 -4.992800 -2.150100
3.090400 3.850700 5.385400 -0.139700 -0.871600 -1.328900 7.151400 -2.960700 19.255900
3.101100 4.614700 6.799200 0.330500 -1.265300 -0.120300 -2.174900 9.466800 -9.260100
3.090800 4.640200 1.547400 -0.188100 -0.029700 -0.014700 -2.841000 1.521700 -4.975000
3.098800 4.643200 3.107100 0.215000 0.127400 0.672100 -2.082100 4.464400 2.848400
3.114000 4.609600 4.662000 0.932500 -1.540600 1.017900 -9.786900 6.067800 -3.050000
3.881700 3.886700 6.789400 0.692500 0.901300 -0.623700 -1.453500 -8.256300 -10.843600
3.854700 3.860100 1.586400 -0.599200 -0.366800 1.893700 7.772200 1.466600 -10.600300
3.841400 3.852600 3.090600 -1.252800 -0.765400 -0.158500 9.661300 -0.245700 2.971200
3.882600 3.833100 4.643500 0.750000 -1.660700 0.161500 0.401800 9.727100 6.964700
3.868600 4.598900 0.792600 0.040600 -2.013500 0.968900 -0.984000 16.747100 0.389500
3.825700 4.667500 2.299400 -1.988300 1.285500 -1.009600 17.697300 -4.090700 7.892800
3.810500 4.630200 3.903200 -2.723700 -0.546500 1.718000 23.293200 -0.339000 -9.915400
3.842600 4.673700 5.428300 -1.203400 1.553900 0.746900 8.106100 -11.609000 7.601300
4.625000 3.882500 0.759900 -0.747600 0.705400 -0.632700 10.123300 -5.548300 7.582100
4.651200 3.831100 2.315600 0.485100 -1.771700 -0.256900 -3.196400 9.722500 -2.157500
4.627400 3.887100 3.887200 -0.660300 0.941300 0.915100 4.245900 -4.490100 -10.246600
4.668600 3.870500 5.452500 1.308200 0.181700 1.942500 -9.093200 6.321700 5.045900
4.620000 4.642600 6.796700 -1.020300 0.104900 -0.231000 5.969400 5.260200 -7.295300
4.665100 4.659900 1.537500 1.159100 0.903300 -0.440200 -6.760500 -4.053800 5.866500
4.597500 4.603100 3.066300 -2.152100 -1.882900 -1.356200 5.993400 4.408600 5.838600
4.666200 4.624200 4.639200 1.184400 -0.843100 -0.081400 -9.396300 1.586800 2.583600
6.748800 3.844400 0.765300 -2.596300 -1.138400 -0.435600 -2.724300 4.201900 -3.574600
6.798000 4.645100 0.009000 -0.169300 0.177400 0.410400 -8.289100 -1.006800 -3.610000
6.785500 4.656700 3.086100 -0.780300 0.748900 -0.388200 -5.295600 -3.681300 0.814900
6.780700 4.637000 4.632200 -1.025900 -0.231600 -0.433000 -6.654100 -2.447800 0.627200
5.405200 3.862600 6.784900 -0.425700 -0.226500 -0.794200 5.125000 3.025300 -3.893400
5.432900 3.888500 1.531100 0.964400 1.011100 -0.780200 5.056900 -5.461800 0.246300
5.456500 3.886200 3.094300 2.125800 0.897300 0.037100 2.495800 -4.850600 5.667800
5.429900 3.867600 4.631100 0.838700 -0.017500 -0.495800 8.860800 -0.821300 2.333200
5.434900 4.673300 0.797100 1.064900 1.599400 1.121400 5.129200 -2.231500 -9.715900
5.427500 4.608500 2.347000 0.687100 -1.586400 1.278200 4.748700 7.525000 -5.966400
5.450100 4.676400 3.877200 1.833600 1.698500 0.451000 6.726900 -9.446700 -4.262700
5.425300 4.646200 5.408700 0.600500 0.259200 -0.242900 8.315000 -0.345400 6.686400
0.796900 6.788500 0.776800 1.123700 -0.649900 0.177700 -7.731300 -8.447800 0.652200
0.783600 6.775800 2.331400 0.459200 -1.263200 0.511400 -7.754500 -4.432000 -6.038400
0.796100 6.788200 3.883700 1.064200 -0.660900 0.818300 -11.011300 -7.581400 -0.423900
1.505600 6.795600 3.077200 -2.000800 -0.288500 -0.820900 12.005800 -7.603100 3.955700
1.530400 6.790800 4.645200 -0.804300 -0.516300 0.219000 4.001000 -5.699200 -0.103400
0.024700 5.429900 0.806000 1.156700 0.824100 1.579100 -9.191400 6.922500 -6.257600
0.766500 5.384000 6.792700 -0.337800 -1.460000 -0.416000 2.029000 8.741900 -4.961100
0.754000 5.427000 1.561500 -0.917000 0.699100 0.705800 9.661600 10.246900 -2.729200
0.012500 5.412600 3.839600 0.554200 -0.019800 -1.390900 -8.893900 11.709200 2.712200
0.782000 5.427300 3.050300 0.394300 0.731700 -2.152800 -4.377900 14.370400 7.371900
0.764000 5.433500 4.654700 -0.491300 1.003800 0.642600 -2.416900 6.704800 -4.835400
1.555100 5.380700 0.782400 0.387200 -1.583100 0.420700 -1.697100 16.016900 -3.439600
1.565800 5.398900 2.313900 0.884700 -0.671800 -0.386000 -8.394500 14.931600 -7.331600
1.515300 5.374000 3.856600 -1.538200 -1.891300 -0.533400 7.165300 19.373800 2.766800
1.492300 5.415000 5.411200 -2.684200 0.079900 -0.099800 9.422500 7.992500 9.493500
2.333000 6.786300 0.777500 0.558100 -0.795700 0.197200 -9.199500 -13.946000 0.529800
2.353200 6.791100 2.345900 1.569500 -0.528800 1.182000 -10.815300 -10.111500 -13.153700
2.303600 6.798100 5.393700 -0.827500 -0.153600 -0.988500 3.865000 -6.782800 7.034400
3.079500 6.795100 0.042700 -0.689100 -0.334100 2.045800 6.082800 -11.695500 -12.154800
2.300300 5.410300 6.752900 -0.990900 -0.181600 -2.378800 3.604200 3.754200 -1.750200
2.320600 5.413900 1.589400 -0.020200 0.034000 2.030300 -0.281300 8.757900 -13.801200
2.282900 5.400100 3.071100 -1.823200 -0.605600 -1.055200 10.741800 16.899400 14.839100
2.307600 5.417000 4.661300 -0.659300 0.185700 0.980700 0.590800 7.845400 -4.264000
3.111600 5.430100 0.764500 0.845300 0.818400 -0.437000 -4.079200 3.885000 3.321800
3.067800 5.394000 2.325600 -1.264200 -0.895500 0.274900 8.128100 18.263800 4.037300
3.095700 5.392700 3.891400 0.003600 -1.002000 1.137100 -12.849800 12.445600 -7.423200
3.082400 5.391300 5.429900 -0.597500 -1.079600 0.819800 -2.764600 11.543900 6.352900
3.900000 6.778500 0.793300 1.587900 -1.140900 0.964900 -4.225500 -7.226100 -3.396800
3.843100 6.783800 2.351700 -1.185700 -0.864600 1.518400 6.227300 -4.521500 -6.258800
3.889000 6.790300 5.449900 1.044200 -0.534700 1.784200 -3.886900 -5.932800 1.926500
4.662800 6.777900 1.560500 1.048600 -1.162100 0.678900 -4.169000 -5.592500 0.551600
3.867200 5.451200 0.013800 -0.051200 1.850300 0.607300 -4.265100 1.921900 -11.228000
3.884600 5.420600 1.582200 0.824400 0.380700 1.688200 -5.055400 10.667800 -10.774400
3.873200 5.408900 3.109100 0.250900 -0.217700 0.735600 -3.623400 7.936700 0.867800
3.825900 5.408100 4.623500 -2.016000 -0.238600 -0.842000 11.518400 11.339200 7.380000
4.603900 5.440700 0.745800 -1.815600 1.351600 -1.332900 7.387800 4.657300 8.976000
4.623300 5.429300 2.338600 -0.860400 0.779200 0.890500 5.734900 4.689300 -0.050100
4.651500 5.385100 3.865800 0.466800 -1.414100 -0.074600 -6.893500 7.036800 0.274100
4.632200 5.390900 5.386700 -0.468500 -1.108500 -1.332200 -0.420700 9.737000 7.296600
6.795300 6.764200 0.012400 -0.254700 -1.808500 0.597200 -1.510800 -1.540800 -2.034100
6.780900 6.770300 3.122100 -0.984300 -1.517900 1.382100 -2.196800 -2.592900 -2.053500
5.438500 6.783200 0.780500 1.229600 -0.882600 0.333400 3.766800 -3.865400 -1.763700
5.452700 6.787300 5.414700 1.904100 -0.650300 0.016400 -0.739000 -1.499400 0.751800
6.785900 5.395500 2.284700 -0.799700 -0.877900 -1.772900 -12.790500 10.232300 4.170500
6.788800 5.397200 5.385800 -0.596800 -0.841300 -1.384900 -4.568800 3.890500 7.626100
5.410500 5.433800 0.001100 -0.183900 0.979100 0.018400 2.465900 2.543900 -3.314700
5.428000 5.403900 1.575100 0.711600 -0.462500 1.407400 4.952900 9.249200 1.660800
5.400000 5.408100 3.092100 -0.678700 -0.278800 -0.117900 5.862300 5.464200 -2.157400
5.408700 5.414700 4.635800 -0.226100 0.077500 -0.255400 8.443100 9.965400 2.567800
