6.799592 6.796485 0.001309 -0.206446 -1.759622 0.651945 -2.222341 -2.235431 -2.339640
6.799155 0.772494 0.774807 -0.429318 -0.515865 0.639765 -6.694153 1.580255 0.856371
0.775929 6.799016 0.773862 1.200720 -0.498982 0.168211 0.529862 -6.972901 1.559090
0.776434 0.772369 0.002444 1.453068 -0.578473 1.214806 0.328197 1.434350 -7.385577
6.798468 0.000536 1.547694 -0.770258 0.263258 0.317599 -4.293829 -4.764650 0.000512
0.000750 0.774568 2.319524 0.368308 0.520164 -0.531521 -6.916823 0.715300 0.581945
0.774594 6.797710 2.321719 0.533323 -1.151529 0.564822 0.647109 -6.362039 -0.473539
0.772991 0.775441 1.548283 -0.267610 0.957242 0.611476 1.559640 1.030013 -0.403430
6.798184 6.797123 3.096931 -0.912275 -1.442972 1.406102 -4.205076 -4.226703 -0.384284
6.798854 0.774686 3.866726 -0.579288 0.579976 -0.459961 -6.351856 1.416716 0.542143
0.775876 6.798971 3.869286 1.173508 -0.521230 0.819454 0.209354 -6.616773 0.029107
0.772666 0.773426 3.094640 -0.429974 -0.049709 0.260382 1.573525 1.870808 -0.383328
0.000241 0.000502 4.643730 0.115910 0.246631 1.275275 -4.759240 -4.580438 -1.950295
6.799026 0.774911 5.413525 -0.492056 0.692530 -0.585606 -4.830130 1.303746 5.081759
0.771754 0.001416 5.413385 -0.886124 0.703046 -0.655400 1.391252 -4.880073 5.140867
0.774637 0.777738 4.641952 0.555222 2.104856 0.386311 1.092539 0.316361 -1.912680
0.000127 1.548225 6.797798 0.059159 0.582617 -1.105446 -4.398351 -0.624272 -4.585398
0.004347 2.321067 0.768540 2.166105 0.239298 -2.491702 -7.193239 -0.018811 2.866253
0.774949 1.544806 0.771904 0.711180 -1.126407 -0.810544 1.153294 0.291809 2.066394
0.773573 2.321911 0.002161 0.024154 0.661545 1.072736 2.191684 -0.191048 -7.615272
6.798672 1.548007 1.547645 -0.670605 0.474462 0.292095 -6.452437 0.457061 -0.670937
0.000670 2.320033 2.322472 0.327996 -0.277019 0.940521 -6.888000 0.707187 -1.363347
0.771637 1.548850 2.319851 -0.943279 0.895139 -0.368165 2.887194 -0.285457 0.471397
0.777312 2.319746 1.546043 1.891768 -0.420490 -0.508167 0.279112 0.543168 -0.175044
0.001205 1.548212 3.091645 0.595810 0.575964 -1.235548 -6.770630 -0.438491 0.827560
0.001724 2.317698 3.867464 0.855348 -1.444087 -0.091209 -6.694919 0.766446 0.305355
0.775406 1.547979 3.870934 0.939418 0.459683 1.641891 0.935832 -0.282897 -1.434078
0.770744 2.323095 3.093353 -1.389178 1.252913 -0.382357 3.266680 -0.519871 -0.101185
0.002653 1.549364 4.644292 1.319264 1.152085 1.556251 -7.318709 -0.484047 -1.982551
6.799273 2.320517 5.414448 -0.367985 -0.035318 -0.124133 -4.249233 0.367225 4.928519
0.776604 1.545957 5.416069 1.538298 -0.550634 0.688868 0.724313 0.323109 7.369276
0.774768 2.319108 4.642705 0.620828 -0.739034 0.762981 1.280560 1.126319 -1.607307
0.001126 3.094034 6.797549 0.558326 -0.041430 -1.229997 -4.727943 0.341872 -4.640690
0.776905 3.095393 0.772039 1.689224 0.637241 -0.743076 1.158110 -0.102988 2.139682
0.002827 3.096328 1.544504 1.406734 1.103899 -1.277271 -6.776857 -1.148375 0.356879
0.775290 3.093832 2.318125 0.881741 -0.142876 -1.230678 1.262510 -0.023911 0.705362
6.797123 3.091944 3.093114 -1.444839 -1.086201 -0.501504 -6.264317 0.771539 0.334255
0.775727 3.096321 3.866489 1.099677 1.100647 -0.579249 0.529946 -0.644703 -0.188664
0.003017 3.095008 4.640681 1.501510 0.444284 -0.248931 -6.801826 -0.523429 -1.361446
0.776350 3.096075 5.416966 1.410985 0.977984 1.136737 0.570778 -0.398239 6.636074
1.547158 0.000990 6.798724 0.049684 0.489501 -0.642803 0.197003 -5.290704 -4.766988
1.548090 0.770545 0.773598 0.515779 -1.488935 0.036057 0.072415 2.879381 1.496480
2.321877 6.798834 0.773919 0.643446 -0.590337 0.196193 -0.822639 -7.429328 1.350699
2.319672 0.770874 6.798952 -0.458020 -1.325005 -0.530946 0.130909 2.381560 -6.737009
1.546139 0.002939 1.545653 -0.459314 1.461881 -0.702259 0.441535 -7.448089 0.832056
1.547884 0.774172 2.317963 0.412592 0.323252 -1.311248 -0.018181 1.776830 1.172490
2.323936 6.799287 2.323201 1.672913 -0.363282 1.305412 -1.121487 -6.746735 -1.255610
2.319308 0.772105 1.544221 -0.639355 -0.709679 -1.417648 0.757304 2.407444 1.426773
1.542823 6.799727 3.092405 -2.116771 -0.143146 -0.856150 1.290005 -6.655489 0.349676
1.543949 0.772051 3.867202 -1.553492 -0.736951 -0.222169 1.443087 2.213276 0.358942
2.322001 0.001986 3.868653 0.706160 0.985988 0.503100 -0.452819 -6.911610 -0.106302
2.323854 0.767851 3.095360 1.631254 -2.835136 0.620953 -1.941661 3.787519 -0.095371
1.545370 6.799229 4.641622 -0.844064 -0.391944 0.221299 0.484934 -6.513672 -1.517724
1.546668 0.772392 5.414846 -0.195044 -0.567056 0.076821 0.285405 1.425299 6.741877
2.318856 6.799941 5.412476 -0.865503 -0.034378 -1.110204 0.435538 -4.793278 4.825824
2.323801 0.774122 4.641663 1.605303 0.298015 0.241546 -1.026897 1.670710 -2.018504
1.547456 1.548071 6.799414 0.198961 0.505800 -0.299426 0.322609 -0.282238 -6.508781
1.547407 2.319838 0.774095 0.174461 -0.374584 0.284262 0.352345 0.533680 1.241449
2.321369 1.547311 0.775492 0.389943 0.125421 0.982199 -0.414579 -0.564265 0.891765
2.323154 2.318912 0.000459 1.282856 -0.837373 0.222669 -0.390954 0.583112 -6.625788
1.544934 1.547802 1.546033 -1.061650 0.370848 -0.512942 0.840384 -0.707279 -0.051114
1.549857 2.319719 2.316852 1.398308 -0.433728 -1.866960 -0.753520 0.523037 0.957025
2.319284 1.548582 2.319914 -0.651373 0.760262 -0.337239 0.473054 -1.339541 -0.136371
2.323124 2.317824 1.544071 1.267327 -1.380893 -1.493626 -0.702412 1.183534 0.607905
1.547585 1.547172 3.096012 0.262632 0.056302 0.946147 -0.235531 -0.363761 -0.687662
1.542995 2.321453 3.866927 -2.030705 0.432414 -0.360074 1.533169 -0.290962 -0.183017
2.322166 1.545245 3.869445 0.788033 -0.906366 0.898263 -0.848282 0.609999 -0.595825
2.319324 2.319012 3.089965 -0.632131 -0.787759 -2.074631 -0.113602 0.192371 2.011546
1.546402 1.548975 4.642489 -0.327388 0.957370 0.654371 1.067899 -0.709401 -1.885758
1.544780 2.321398 5.417229 -1.138937 0.405167 1.268207 0.646763 0.020195 6.575002
2.319562 1.544668 5.418166 -0.513416 -1.194894 1.736264 -0.257013 0.607790 6.422985
2.318408 2.319691 4.643446 -1.089706 -0.448441 1.132655 0.126157 0.163533 -2.103351
1.548125 3.096614 6.799126 0.533112 1.247078 -0.443868 0.288401 -0.862081 -6.683439
2.321734 3.092864 0.773936 0.572802 -0.626942 0.205318 -0.317251 0.202248 1.721864
1.548927 3.096807 1.547822 0.934364 1.343750 0.380998 0.243740 -0.928793 -0.309806
2.323595 3.095349 2.321784 1.501904 0.615502 0.596851 -1.448005 0.014511 -1.113372
1.548881 3.094987 3.092513 0.910713 0.433821 -0.802593 -0.372074 -0.487228 0.020554
2.318758 3.092572 3.869676 -0.914396 -0.773168 1.013841 0.429701 0.058102 -0.856509
1.543961 3.095426 4.638518 -1.548185 0.653274 -1.329259 0.962314 -0.493850 -0.455847
2.320383 3.092261 5.415630 -0.102805 -0.927868 0.468292 -0.174608 0.420492 6.304545
3.092626 6.799674 0.004434 -0.745413 -0.168231 2.211506 0.411565 -5.101097 -5.424451
3.090674 0.771197 0.773482 -1.720800 -1.163448 -0.021949 1.219370 2.726586 1.791684
3.094908 0.000478 1.545253 0.395089 0.232218 -0.901884 -0.082052 -6.633405 0.908264
3.092611 0.775353 2.324312 -0.753076 0.913534 1.860097 0.419603 1.511559 -1.910074
3.093317 0.000856 3.091919 -0.399240 0.420657 -1.098669 1.016024 -7.420305 0.955605
3.098416 0.775847 3.864878 2.148199 1.160150 -1.383282 -0.856715 0.917588 1.204542
3.095213 0.000424 4.640100 0.547283 0.205161 -0.539250 -0.028515 -6.646208 -1.094261
3.093575 0.775228 5.416701 -0.271182 0.850442 1.004249 0.306775 0.814329 6.636664
3.095010 1.547255 0.003525 0.445759 0.097455 1.755482 -0.271231 -0.576923 -7.171569
3.096403 2.319707 0.773529 1.142078 -0.439701 0.001391 -0.252633 0.780175 1.603132
3.096705 1.548024 1.546525 1.292620 0.481557 -0.266281 -0.659383 -0.792688 0.543165
3.088599 2.324508 2.319965 -2.757509 1.957983 -0.311392 2.173878 -1.845355 -0.056525
3.093785 1.545457 3.095387 -0.166487 -0.799555 0.633734 -0.091002 1.235345 -0.706757
3.093843 2.322058 3.866594 -0.137780 0.734260 -0.526310 -0.367334 -0.530845 0.128903
3.093792 1.549099 4.642623 -0.162676 1.019585 0.721640 0.185597 -0.370232 -2.040500
3.093674 2.318420 5.416687 -0.221807 -1.083339 0.996963 0.048016 0.468088 6.560859
3.092258 3.099407 0.001272 -0.929642 2.643334 0.628950 0.560131 -1.414628 -6.920010
3.095009 3.094797 1.547782 0.445296 0.339315 0.361169 -0.181763 -0.073688 -0.504433
3.091952 3.091961 3.091233 -1.082235 -1.077498 -1.441217 0.676549 0.918339 1.479802
3.094279 3.093045 4.640767 0.080378 -0.536516 -0.205596 -0.224959 0.060366 -1.311658
3.870911 6.798008 0.775528 1.631223 -1.002562 1.000295 -0.764761 -6.663364 1.005430
3.863982 0.774252 0.001146 -1.831558 0.362367 0.566097 1.034812 1.015484 -6.768080
3.865156 6.798510 2.323748 -1.244644 -0.751551 1.579364 0.739445 -6.390250 -0.552964
3.866836 0.773043 1.547869 -0.405263 -0.241362 0.405079 0.172332 1.623194 0.157028
3.864082 0.004035 3.864880 -1.782025 2.010216 -1.383844 0.672085 -7.097369 -0.162958
3.870462 0.777444 3.093374 1.406222 1.957360 -0.371963 -1.194127 0.021937 0.275383
3.869814 6.799155 5.418128 1.083280 -0.427182 1.715386 -0.396907 -4.706653 4.174450
3.867973 0.772389 4.641530 0.162963 -0.567728 0.175026 -0.214934 2.196827 -2.044833
3.868322 1.548795 0.773422 0.336827 0.867719 -0.051330 -0.655486 -0.241969 2.084509
3.866140 2.319853 0.000470 -0.753059 -0.367315 0.228463 0.285961 0.376574 -6.782711
3.866003 1.544484 2.324231 -0.821688 -1.286072 1.819569 0.496055 1.421136 -1.975030
3.865796 2.323441 1.549409 -0.924857 1.425212 1.175149 0.655788 -1.434425 0.024548
3.868420 1.545167 3.865184 0.386691 -0.944777 -1.230487 0.073616 1.066934 1.010490
3.869331 2.323064 3.092078 0.841420 1.237289 -1.018929 -0.564507 -0.672414 0.875257
3.868043 1.548237 5.410643 0.197856 0.588796 -2.024042 -0.204496 -0.408350 7.326972
3.866084 2.321201 4.643863 -0.780882 0.306387 1.340261 0.704825 -0.342234 -3.485898
3.871268 3.093013 0.774205 1.809425 -0.552121 0.339665 -1.320011 0.415958 1.571704
3.864763 3.093831 2.320447 -1.440794 -0.143106 -0.070614 1.008179 0.378689 -0.035815
3.866103 3.095278 3.868681 -0.771036 0.579310 0.516624 0.959988 -0.513359 -0.207537
3.869928 3.091706 5.411204 1.140029 -1.205538 -1.743268 -0.537038 0.691212 7.493289
4.643046 0.000396 0.000625 0.933460 0.193548 0.307708 -1.507466 -4.553806 -4.735530
4.638760 0.773561 0.776370 -1.209010 0.017485 1.421298 -0.901089 1.451671 0.617270
5.416980 6.798420 0.774231 1.141532 -0.794676 0.352158 4.518395 -4.504687 0.961693
5.412696 0.776171 0.001291 -1.000367 1.322056 0.641032 4.869681 1.086043 -4.532301
4.643362 6.797937 1.548398 1.091166 -1.038001 0.669522 -1.946967 -6.530950 0.204780
4.640391 0.773705 2.321109 -0.393817 0.089126 0.259664 -1.203006 1.328989 -0.952833
5.416557 0.002083 2.317597 0.930121 1.036833 -1.495332 4.847844 -4.700248 0.414188
5.416076 0.773617 1.544208 0.691541 0.045718 -1.425007 6.584328 1.768847 0.510263
4.643610 0.002898 3.093843 1.215227 1.441930 -0.137627 -1.729990 -7.300097 -0.069033
4.643840 0.772633 3.866523 1.329443 -0.445165 -0.562155 -2.607239 2.657693 -0.143956
5.415539 0.003495 3.868548 0.421656 1.741985 0.449871 5.269010 -5.714387 -0.440167
5.418013 0.772459 3.094899 1.659965 -0.532746 0.390354 6.656920 2.088809 -0.198058
4.637981 0.001166 4.634345 -1.598216 0.575626 -3.415327 -0.832574 -7.488210 0.318921
4.638167 0.772984 5.414289 -1.504990 -0.271604 -0.201840 -0.286848 1.118432 6.615565
5.418474 6.798799 5.414663 1.885516 -0.602939 -0.019363 1.659972 -2.206491 1.934043
5.414913 0.770115 4.638641 0.110502 -1.704580 -1.267587 6.855516 2.307479 -0.157622
4.639366 1.548434 6.799915 -0.906219 0.687072 -0.049053 -1.350795 -0.358342 -6.574283
4.641016 2.320802 0.775936 -0.081584 0.107143 1.204319 -1.616855 0.032827 0.751075
5.414627 1.549980 0.774580 -0.032902 1.460003 0.526545 6.843156 -0.682398 1.048903
5.415917 2.316757 6.799334 0.609940 -1.915002 -0.337542 4.420145 0.630023 -4.649122
4.640793 1.547059 1.543068 -0.193506 0.000158 -1.993279 -2.151397 0.148392 2.095041
4.644964 2.319597 2.322833 1.890587 -0.495480 1.120986 -3.423761 -0.100594 -1.472757
5.412298 1.545548 2.323132 -1.196983 -0.755801 1.271062 7.148665 -0.330234 -1.073058
5.414212 2.319638 1.547791 -0.239891 -0.474707 0.366235 7.089421 0.120527 0.189102
4.638728 1.546428 3.090681 -1.224403 -0.315492 -1.717036 -0.528168 0.235450 1.678368
4.642734 2.321701 3.868426 0.776137 0.556752 0.389330 -2.874071 0.116226 -0.405345
5.412205 1.548259 3.869707 -1.243628 0.599766 1.028898 7.061014 -0.407547 -1.021397
5.413161 2.318669 3.092506 -0.765261 -0.959041 -0.805461 7.239737 0.360063 0.759110
4.642716 1.548262 4.640167 0.767501 0.600791 -0.506010 -2.372958 -0.709446 -1.640820
4.641573 2.318242 5.414761 0.197285 -1.172577 0.034551 -1.289667 0.225141 6.966949
5.412897 1.545798 5.415687 -0.899563 -0.630921 0.494945 4.886808 -0.296566 4.401996
5.414853 2.320289 4.640000 0.080871 -0.148820 -0.588863 7.185201 0.563705 -0.697735
4.640898 3.093525 0.000949 -0.140264 -0.296824 0.467461 -1.139304 -0.295061 -7.139265
5.414429 3.093739 0.772229 -0.131721 -0.189829 -0.648347 6.877025 -0.191585 1.706164
4.641362 3.091414 1.548122 0.091456 -1.351229 0.531819 -1.632677 0.952113 0.219060
5.415214 3.094558 2.319719 0.260875 0.220058 -0.434254 7.004720 0.016773 0.114384
4.641493 3.092705 3.090466 0.156359 -0.705543 -1.825107 -1.934485 0.766812 1.118851
5.414102 3.095913 3.866035 -0.295228 0.897159 -0.806033 6.712396 -0.475643 0.083923
4.643210 3.094524 4.644201 1.014650 0.202507 1.509675 -2.175522 -0.245923 -2.988228
5.410431 3.095025 5.417998 -2.132116 0.453422 1.650691 5.240086 -0.319147 4.713572
6.795001 3.865288 0.772724 -2.505439 -1.178900 -0.401176 -6.110128 0.416153 1.440844
0.774176 3.869815 6.799941 0.324705 1.083424 -0.036269 1.016145 -0.506167 -6.595672
0.001326 3.870758 2.320228 0.656500 1.554862 -0.179483 -6.304594 -0.524789 0.329939
0.773433 3.870501 1.545750 -0.046598 1.425918 -0.654112 1.282013 -1.189888 0.170812
0.000644 3.865794 3.865838 0.315337 -0.925675 -0.904526 -6.538974 0.592143 -0.015775
0.779214 3.869228 3.094725 2.842024 0.790603 0.303635 -0.398536 0.106325 -0.019198
0.001459 3.865772 5.415959 0.724737 -0.937058 0.631109 -4.808623 0.396438 4.638547
0.772779 3.868175 4.640740 -0.373362 0.263691 -0.220036 1.698088 -0.105555 -1.876318
6.799938 4.641548 0.001005 -0.036002 0.184915 0.497708 -5.053408 -1.242719 -4.554688
0.002604 5.416104 0.776804 1.297155 0.703946 1.638087 -5.093840 4.890676 0.605096
0.773695 4.640639 0.775237 0.084253 -0.270469 0.854655 1.134710 -1.775653 0.687559
0.772812 5.411500 6.799380 -0.357271 -1.597710 -0.314809 1.420825 5.094374 -4.710163
0.000435 4.640371 1.545164 0.210452 -0.404200 -0.947301 -7.170043 -1.474592 0.089011
6.798760 5.412634 2.316963 -0.625175 -1.030929 -1.811902 -5.294887 5.142431 0.403265
0.773299 4.646368 2.320901 -0.113299 2.592737 0.156013 1.704050 -3.328316 -0.413909
0.771510 5.415749 1.548526 -1.007351 0.528731 0.733155 2.340998 7.049686 -0.281401
6.798692 4.642755 3.093322 -0.660506 0.787489 -0.397940 -6.420475 -1.911041 0.132163
0.001391 5.414329 3.864811 0.690569 -0.183285 -1.417663 -4.896999 5.180939 0.291948
0.771494 4.644731 3.868985 -1.015792 1.774592 0.668400 1.933024 -2.950712 -0.683704
0.774404 5.415747 3.089680 0.438357 0.527699 -2.218428 0.930108 7.254606 0.595069
6.798228 4.640763 4.640292 -0.892976 -0.208311 -0.443046 -6.740563 -1.606592 -1.180023
6.798969 5.412874 5.411712 -0.518184 -0.913360 -1.493971 -2.551363 2.495392 2.916738
0.776812 4.638850 5.414979 1.641779 -1.163865 0.143455 0.092028 -1.018460 6.828972
0.772593 5.416430 4.642549 -0.466961 0.868809 0.684868 1.116371 6.807654 -1.732629
1.547986 3.866652 0.772385 0.462991 -0.497419 -0.570171 -0.261461 0.128653 1.953801
2.317957 3.868118 0.000097 -1.315022 0.235168 0.041749 0.674129 -0.140408 -6.733279
1.542234 3.866211 2.320371 -2.410910 -0.716779 -0.108609 1.509123 1.045085 -0.326090
2.318984 3.868910 1.548585 -0.801531 0.631515 0.763162 0.638850 -0.184324 0.123202
1.546487 3.867162 3.868266 -0.285406 -0.242030 0.309776 0.425773 0.484368 0.033226
2.319959 3.871895 3.091573 -0.314355 2.122461 -1.271609 -0.069672 -1.368567 0.715496
1.545647 3.867083 5.413693 -0.705205 -0.281891 -0.499982 0.693359 -0.088881 6.637984
2.324056 3.867060 4.642471 1.732413 -0.293444 0.644768 -1.436611 -0.091377 -2.613725
1.547109 4.640866 6.798678 0.025102 -0.156491 -0.667467 -0.017229 -1.408975 -6.601773
1.547866 5.411079 0.774429 0.403514 -1.805953 0.451393 -0.155837 7.528741 1.164829
2.320696 4.641958 0.775097 0.054270 0.389615 0.785099 0.318007 -1.626124 1.058934
2.318526 5.414161 6.795384 -1.030297 -0.268147 -2.312197 0.533491 4.359278 -4.110932
1.543808 4.639754 1.543234 -1.624455 -0.712380 -1.910801 1.165653 -1.324142 1.795426
1.548978 5.412921 2.319956 0.958861 -0.885390 -0.316479 -0.639009 7.282152 -0.696965
2.321364 4.643915 2.323040 0.386982 1.366199 1.224552 -0.866253 -3.379352 -1.329684
2.320553 5.414453 1.551382 -0.017690 -0.119765 2.160184 -0.003213 6.665484 -1.304835
1.546262 4.643906 3.092311 -0.398465 1.362330 -0.902893 -0.145975 -2.882865 0.598422
1.543850 5.410404 3.866524 -1.604058 -2.143387 -0.561105 0.647534 7.618725 0.298632
2.319143 4.639798 3.867851 -0.721896 -0.690451 0.102316 0.626612 -1.477609 0.234303
2.316735 5.413030 3.091727 -1.925596 -0.830584 -1.194172 1.085844 7.268905 1.401094
1.546687 4.642043 4.640489 -0.185827 0.431023 -0.345137 0.080231 -2.296925 -1.546999
1.541506 5.414603 5.414208 -2.775691 -0.046673 -0.243780 1.001986 4.744202 5.016090
2.321364 4.639996 5.411533 0.387363 -0.591187 -1.579269 -0.738555 -1.228468 7.472887
2.319255 5.414776 4.643228 -0.666274 0.041609 1.023997 0.098661 6.697793 -1.961399
3.095329 3.869094 0.771471 0.604998 0.722680 -1.026390 -0.720161 -0.656523 2.632413
3.097330 3.872126 2.323076 1.604890 2.238219 1.243151 -1.122598 -1.455962 -0.892807
3.096777 3.867027 3.868007 1.328555 -0.309778 0.179752 -0.989908 0.103858 -0.400416
3.093703 3.865957 5.411531 -0.206832 -0.844672 -1.579913 0.451544 0.089977 7.746651
3.094819 4.638457 0.000088 0.350318 -1.360174 0.036941 -0.428739 -0.513009 -6.939290
3.095895 5.416116 0.772590 0.887595 0.711754 -0.468211 -0.937494 6.529147 1.441534
3.093794 4.641085 1.547126 -0.161777 -0.047075 0.033142 0.115055 -1.667152 -0.187157
3.091438 5.412414 2.321062 -1.338819 -1.138949 0.236996 1.058698 7.183329 0.205282
3.094592 4.641346 3.095407 0.236752 0.083412 0.644717 -0.010013 -1.360504 0.296158
3.094368 5.412311 3.870062 0.124603 -1.190963 1.207138 -0.640101 6.767144 -0.468130
3.096176 4.637976 4.643286 1.028324 -1.600768 1.052190 -0.502690 -0.536275 -2.637376
3.092970 5.412211 5.416104 -0.573556 -1.242753 0.703613 0.229153 4.902529 4.646678
3.869057 3.869612 6.799117 0.704589 0.981634 -0.448203 -0.643773 -0.775687 -6.854779
3.866292 3.866887 1.551057 -0.676915 -0.379829 1.997965 0.672498 0.177363 -1.009234
3.864954 3.866111 3.093754 -1.345659 -0.767691 -0.182068 0.638832 0.472230 -0.032591
3.869129 3.864131 4.641354 0.740766 -1.756632 0.087939 -0.377525 1.246333 -0.912711
3.867748 4.636817 0.775463 0.050089 -2.179434 0.968532 -0.316771 0.043532 1.569055
3.867624 5.418265 0.001530 -0.011847 1.783595 0.760346 -0.448629 4.172833 -4.803351
3.863325 4.643847 2.318424 -2.159695 1.332613 -1.081579 1.506430 -2.952556 0.646833
3.869398 5.415116 1.550643 0.875059 0.211843 1.790719 -0.491478 6.747181 -1.264308
3.861758 4.640092 3.871270 -2.942844 -0.543624 1.810546 1.853229 -1.764379 -1.057335
3.868223 5.413959 3.095574 0.287795 -0.366712 0.728032 -0.302533 6.656825 0.083710
3.865077 4.644524 5.415910 -1.284078 1.671328 0.608084 0.729139 -2.707088 6.329593
3.863391 5.413861 4.639365 -2.126626 -0.415391 -0.906803 1.213134 7.063917 -1.146132
4.639488 3.869162 0.772102 -0.844856 0.757011 -0.711171 -0.828131 -0.516711 2.508342
5.413639 3.867127 6.798597 -0.528842 -0.259716 -0.705914 4.656728 0.434205 -4.333605
4.642221 3.863903 2.320114 0.520144 -1.870852 -0.237060 -2.154731 1.319599 -0.021122
5.416387 3.869784 1.545497 0.846948 1.067660 -0.780864 6.378275 -0.603349 0.144393
4.639766 3.869620 3.869688 -0.706079 0.986051 1.019255 -1.014299 -0.278896 -1.196791
5.418768 3.869532 3.094085 2.036886 0.941747 -0.015883 5.906468 -0.558798 0.731016
4.643977 3.867888 5.418341 1.398077 0.120603 1.823860 -2.187352 0.201136 6.310344
5.416055 3.867629 4.640137 0.681392 -0.009364 -0.520807 6.819259 -0.117444 -1.213490
4.639014 4.641286 6.799832 -1.081626 0.054219 -0.090985 -0.638596 -0.867444 -6.853427
4.637399 5.417167 0.770685 -1.888773 1.236844 -1.419415 -0.505713 6.589290 2.356398
5.416593 4.644426 0.775971 0.950020 1.623334 1.221256 6.479830 -1.725903 0.165392
5.414216 5.416540 0.000178 -0.242605 0.919486 0.086478 2.392860 2.380859 -2.504560
4.643632 4.643070 1.546053 1.225282 0.944959 -0.502122 -2.485641 -2.260368 0.823829
4.639340 5.416025 2.322375 -0.918803 0.665812 0.893644 -0.727681 6.371853 -0.086794
5.415837 4.637858 2.323253 0.572114 -1.659585 1.332160 6.400651 -0.603401 -0.504057
5.415929 5.413487 1.549852 0.615915 -0.604708 1.396581 4.377005 5.006972 -0.025863
4.636747 4.637324 3.091269 -2.215211 -1.927373 -1.423253 -0.904821 -1.192299 1.027117
4.642251 5.411591 3.867493 0.535132 -1.551073 -0.077217 -2.196053 6.651001 -0.002404
5.418102 4.644765 3.868645 1.704514 1.792184 0.498327 6.391065 -2.484729 -0.702418
5.413122 5.413930 3.093923 -0.787188 -0.383419 -0.097480 4.630620 4.605196 -0.205497
4.643750 4.639460 4.640964 1.284162 -0.859307 -0.107243 -2.959562 -1.467297 -1.376067
4.640251 5.412183 5.411784 -0.463653 -1.256309 -1.456133 -1.266626 5.226391 4.954895
5.415626 4.641704 5.413973 0.465188 0.262567 -0.361731 5.105880 -1.247840 4.921133
5.413970 5.414551 4.640618 -0.362967 -0.072056 -0.279934 5.127361 5.237874 -0.970856
