0.779300 0.771200 0.004800 1.450000 -0.580500 1.195500 -0.854600 0.220800 -8.607000
0.001400 0.775600 2.318400 0.349000 0.517300 -0.530900 -8.311100 -0.542800 0.586500
0.772500 0.777300 1.549500 -0.270400 0.954000 0.611000 0.027500 -0.475000 -0.427300
0.771800 0.773300 3.095100 -0.432800 -0.052200 0.260100 0.036000 0.351200 -0.371300
0.000400 0.001000 4.646300 0.101200 0.232100 1.276300 -6.049600 -5.857600 -0.911600
0.770000 0.002800 5.412100 -0.887700 0.688200 -0.640300 0.358900 -6.164300 6.408200
0.775700 0.781900 4.642800 0.552000 2.100900 0.388600 -0.379600 -1.135100 -0.447700
0.000200 1.549400 6.795600 0.044400 0.582000 -1.120400 -5.798600 -0.621700 -5.982800
0.008600 2.321600 0.763500 2.146500 0.239300 -2.492400 -8.577400 -0.017200 1.601500
0.776300 1.542500 0.770300 0.708000 -1.126200 -0.813000 -0.363100 0.261500 0.520000
0.773600 2.323200 0.004200 0.022800 0.661300 1.052700 0.932000 -0.205800 -8.989200
0.001300 2.319400 2.324400 0.308200 -0.276300 0.939200 -8.430500 0.705600 -1.373700
0.769700 1.550600 2.319200 -0.944900 0.894800 -0.367700 1.336400 -0.292500 0.454300
0.781100 2.318900 1.545000 1.887500 -0.419900 -0.508400 -1.279800 0.544600 -0.185000
0.002400 1.549400 3.089100 0.576200 0.575500 -1.234700 -8.308300 -0.460700 0.833400
0.003400 2.314800 3.867300 0.835800 -1.443400 -0.090900 -8.230800 0.764700 0.321000
0.777300 1.548900 3.874200 0.935900 0.459200 1.640500 -0.616500 -0.329900 -1.405200
0.767900 2.325600 3.092600 -1.390400 1.252400 -0.382500 1.712300 -0.524700 -0.116900
0.005200 1.551700 4.647400 1.299500 1.151600 1.557800 -8.686700 -0.499800 -0.732700
0.779700 1.544900 5.417500 1.535500 -0.550400 0.708600 -0.506900 0.281100 8.757000
0.776000 2.317600 4.644200 0.617700 -0.737900 0.765700 -0.253300 1.127400 -0.082900
0.002200 3.093900 6.795000 0.543600 -0.041100 -1.245300 -5.967300 0.332400 -6.192300
0.780300 3.096700 0.770500 1.685700 0.637700 -0.745400 -0.486500 0.200100 0.599600
0.005600 3.098500 1.541900 1.387400 1.103100 -1.276500 -8.164000 -0.953700 0.555300
0.777100 3.093500 2.315600 0.877700 -0.142900 -1.230200 -0.724400 0.002800 0.610800
0.777900 3.098500 3.865300 1.095900 1.099800 -0.579400 -0.966400 -0.765900 -0.215800
0.006000 3.095900 4.640200 1.482300 0.443700 -0.246800 -8.192100 -0.547200 -0.150800
0.779100 3.098100 5.419300 1.408200 0.977200 1.155700 -0.586800 -0.601100 7.975900
1.547300 0.001900 6.797400 0.049800 0.474000 -0.657800 0.173400 -6.662600 -6.174200
1.549100 0.767500 0.773700 0.515800 -1.490500 0.033100 0.036800 1.358000 -0.029600
2.318800 0.768200 6.797800 -0.457900 -1.326100 -0.550100 0.143600 1.135800 -8.128200
1.545200 0.005800 1.544300 -0.458900 1.441600 -0.701500 0.432400 -8.971400 0.814700
1.548700 0.774800 2.315400 0.412500 0.320500 -1.310100 -0.039400 0.211200 1.169600
2.318000 0.770700 1.541400 -0.638600 -0.711800 -1.416300 0.751500 0.837800 1.416800
1.540800 0.770500 3.866800 -1.552100 -0.739200 -0.221700 1.428200 0.672300 0.376600
2.323400 0.003900 3.869700 0.705700 0.966200 0.503000 -0.440600 -8.426100 -0.087500
2.327200 0.762100 3.096600 1.629300 -2.835800 0.620800 -1.975000 2.227500 -0.105400
1.546300 0.771300 5.415100 -0.194800 -0.569200 0.095900 0.269900 0.169600 8.123900
2.327000 0.774700 4.642200 1.604200 0.295300 0.243900 -1.028300 0.162200 -0.504400
1.547900 1.549100 6.798800 0.199200 0.505500 -0.318800 0.294600 -0.308300 -8.054300
1.547700 2.319100 0.774700 0.174800 -0.374000 0.280900 0.329400 0.549300 -0.332700
2.322200 1.547500 0.777500 0.389600 0.124800 0.978500 -0.422500 -0.575600 -0.677000
2.325800 2.317200 0.000800 1.282400 -0.836800 0.203200 -0.389100 0.588500 -8.167900
1.542800 1.548500 1.545000 -1.060900 0.370000 -0.513000 0.814200 -0.746100 -0.052200
1.552700 2.318800 2.313200 1.397400 -0.433300 -1.866000 -0.804500 0.515300 0.948600
2.318000 1.550100 2.319200 -0.650900 0.758800 -0.337300 0.468600 -1.379400 -0.121500
2.325600 2.315000 1.541100 1.266600 -1.379700 -1.493200 -0.688700 1.181800 0.563700
1.548100 1.547300 3.097900 0.262300 0.055800 0.945500 -0.255900 -0.407500 -0.670600
1.538900 2.322400 3.866200 -2.029300 0.432100 -0.360200 1.516200 -0.308800 -0.161800
2.323800 1.543400 3.871200 0.787100 -0.905800 0.897800 -0.876100 0.589900 -0.555000
2.318000 2.317400 3.085900 -0.632200 -0.787600 -2.072600 -0.107600 0.181100 2.014200
1.545700 1.550900 4.643800 -0.326400 0.956600 0.656900 1.056300 -0.750500 -0.346200
1.542500 2.322200 5.419800 -1.138300 0.405200 1.287700 0.629300 0.039600 8.134800
2.318600 1.542300 5.421700 -0.513700 -1.194300 1.755500 -0.259800 0.579600 7.956800
2.316200 2.318800 4.645700 -1.089500 -0.448300 1.135000 0.146100 0.157200 -0.526600
1.549200 3.099100 6.798200 0.533000 1.245900 -0.463700 0.104800 -1.007700 -8.335200
2.322800 3.091600 0.774300 0.572900 -0.626400 0.202800 -0.102400 0.360500 0.280900
1.550800 3.099500 1.548600 0.934200 1.343000 0.380500 0.070200 -0.874500 -0.417300
2.326600 3.096500 2.323000 1.501000 0.616700 0.596000 -1.216500 0.609700 -1.012700
1.550700 3.095900 3.090900 0.911100 0.433100 -0.802400 -0.015100 -0.587500 0.110600
2.317000 3.091100 3.871700 -0.913800 -0.772200 1.012500 0.507600 0.497000 -1.101900
1.540900 3.096700 4.635800 -1.547200 0.653000 -1.325200 0.998600 -0.410600 1.084200
2.320200 3.090400 5.416600 -0.103300 -0.927800 0.487700 -0.326500 0.269200 7.947000
3.087300 0.768900 0.773500 -1.719300 -1.165400 -0.024100 1.347600 1.055600 0.477100
3.095700 0.000900 1.543500 0.395100 0.212600 -0.901100 -0.055100 -8.233700 0.827600
3.091100 0.777200 2.328000 -0.753100 0.910100 1.858500 0.194500 -0.226400 -1.729300
3.092500 0.001600 3.089700 -0.398800 0.401000 -1.097800 0.737800 -8.635700 0.924100
3.102700 0.778100 3.862100 2.146900 1.157200 -1.382300 -1.098100 -0.299300 1.084100
3.096300 0.000800 4.639000 0.547700 0.186000 -0.536200 0.182100 -8.082800 0.449800
3.093100 0.776900 5.418700 -0.270400 0.847600 1.023300 0.525800 -0.481100 8.034200
3.095900 1.547500 0.007000 0.444900 0.097000 1.735500 -0.548700 -0.508400 -8.683900
3.098700 2.318800 0.773500 1.141800 -0.438600 -0.001300 -0.267800 0.951800 0.171300
3.099300 1.549000 1.546000 1.292400 0.480800 -0.265700 -0.460100 -0.748800 0.568000
3.083100 2.328400 2.319400 -2.756000 1.955700 -0.311100 1.836700 -2.070600 0.115200
3.093500 1.543900 3.096700 -0.167000 -0.797900 0.633400 -0.303900 1.438000 -0.522200
3.093500 2.323600 3.865500 -0.137400 0.733400 -0.526300 -0.016600 -0.683900 0.031700
3.093500 1.551100 4.644000 -0.162600 1.018900 0.723500 0.152500 -0.502700 -0.800500
3.093300 2.316200 5.418700 -0.222300 -1.082800 1.016900 -0.217900 0.509800 8.327500
3.090400 3.104700 0.002500 -0.928800 2.642600 0.609500 0.713000 -1.060700 -8.281100
3.095900 3.095500 1.548500 0.444200 0.340700 0.360200 -0.668900 0.670000 -0.697200
3.089800 3.089800 3.088300 -1.082800 -1.076300 -1.439700 0.028600 1.032400 1.504200
3.094500 3.091900 4.640400 0.079700 -0.537400 -0.202600 -0.458300 -0.378500 0.125800
6.798200 0.771500 0.776100 -0.448000 -0.517800 0.637200 -7.933800 0.367300 -0.329800
6.796900 0.001000 1.548300 -0.784900 0.248200 0.317600 -5.715000 -6.163400 -0.012300
6.797600 0.775900 3.865800 -0.598100 0.577800 -0.459400 -7.746800 0.173400 0.549400
6.798000 0.776300 5.412400 -0.506800 0.691000 -0.570600 -6.119500 0.280000 6.364500
6.797300 1.548900 1.548200 -0.689900 0.474900 0.291300 -8.003400 0.443000 -0.685500
6.798500 2.320400 5.414300 -0.382500 -0.034900 -0.108900 -5.641400 0.379900 6.318800
6.794200 3.089700 3.092100 -1.463400 -1.084800 -0.501800 -7.520000 1.080700 -0.005100
3.860300 0.774900 0.002200 -1.830900 0.359600 0.547200 0.826000 -0.331600 -8.002200
3.866000 0.772500 1.548700 -0.405500 -0.244300 0.405300 -0.050700 0.048600 0.193900
3.860500 0.008000 3.862100 -1.781300 1.990000 -1.384500 0.706800 -8.750100 -0.405000
3.873300 0.781300 3.092700 1.406000 1.952800 -0.372200 -0.694200 -1.586700 0.015600
3.868300 0.771300 4.641900 0.162600 -0.569600 0.177800 -0.302500 0.830500 -0.301200
3.869000 1.550500 0.773300 0.336800 0.866500 -0.053600 -0.356200 -0.701700 0.577800
3.864600 2.319200 0.000900 -0.753000 -0.366200 0.208500 0.128000 0.738400 -8.475900
3.864400 1.541900 2.327800 -0.821900 -1.283900 1.817900 0.137400 1.820600 -1.789200
3.864000 2.326200 1.551800 -0.924100 1.424100 1.175800 0.707900 -1.262200 0.356000
3.869200 1.543300 3.862700 0.387200 -0.943000 -1.229200 0.305900 1.452900 1.166600
3.871000 2.325600 3.090100 0.840300 1.236500 -1.018700 -0.846400 -0.761600 0.551200
3.868400 1.549400 5.406700 0.198200 0.588300 -2.003800 0.040100 -0.457300 8.888800
3.864500 2.321800 4.646600 -0.780200 0.306100 1.341400 0.692200 -0.310200 -1.870400
3.874900 3.091900 0.774900 1.808300 -0.550900 0.336700 -1.274900 0.785600 0.000300
3.861900 3.093500 2.320300 -1.440100 -0.143700 -0.070300 0.872400 -0.102900 0.160600
3.864600 3.096500 3.869700 -0.769900 0.578200 0.515800 1.039100 -0.817900 -0.556400
3.872200 3.089300 5.407800 1.139700 -1.205300 -1.722600 -0.437400 0.468600 9.207800
4.644900 0.000800 0.001200 0.934900 0.179000 0.293000 -0.463500 -5.847400 -6.009200
4.636400 0.773600 0.779200 -1.205700 0.014600 1.417700 0.560500 -0.047700 -0.857100
5.410700 0.778800 0.002600 -0.985500 1.320200 0.626600 6.142400 0.067200 -5.817200
4.639600 0.773900 2.321600 -0.390700 0.086100 0.258700 0.318700 -0.194200 -0.967500
5.418500 0.004100 2.314600 0.945300 1.021800 -1.494900 6.251400 -6.092100 0.401000
5.417500 0.773700 1.541400 0.710600 0.044000 -1.424500 7.984000 0.529500 0.475100
4.646000 0.005700 3.093500 1.217100 1.422200 -0.137700 -0.462600 -8.703400 -0.070500
4.646500 0.771700 3.865400 1.331200 -0.446900 -0.562200 -1.075700 1.137800 -0.097000
5.416500 0.007000 3.869400 0.437200 1.726000 0.449400 6.670800 -7.096700 -0.426500
5.421400 0.771400 3.095700 1.679000 -0.534200 0.390200 8.057300 0.833400 -0.193100
4.634800 0.002200 4.627500 -1.595700 0.556200 -3.411600 0.356800 -8.708700 1.513700
4.635200 0.772500 5.413900 -1.501900 -0.273900 -0.183300 0.892600 -0.100300 7.850400
5.415200 0.766700 4.636100 0.129300 -1.705700 -1.264300 8.081800 1.093200 1.045400
4.637600 1.549800 6.799800 -0.904100 0.686700 -0.068000 -0.134500 -0.367500 -7.966000
4.640800 2.321000 0.778300 -0.078800 0.107100 1.200700 -0.103800 0.022200 -0.757700
5.414600 1.552900 0.775600 -0.013600 1.459300 0.524000 8.227800 -0.699600 -0.191900
5.417100 2.313000 6.798600 0.624600 -1.914400 -0.352500 5.823600 0.605300 -6.056600
4.640400 1.547100 1.539100 -0.191200 0.000200 -1.991300 -0.608200 0.099400 2.047800
4.648800 2.318600 2.325000 1.891700 -0.495600 1.119600 -1.829700 -0.086000 -1.446700
5.409900 1.544000 2.325600 -1.176900 -0.756200 1.270000 8.701500 -0.342700 -1.060100
5.413800 2.318700 1.548500 -0.220000 -0.474600 0.366400 8.620300 0.113700 0.177500
4.636300 1.545800 3.087300 -1.220400 -0.315300 -1.715400 1.031700 0.236400 1.666300
4.644300 2.322800 3.869200 0.777800 0.556800 0.389100 -1.290700 0.116500 -0.368000
5.409800 1.549500 3.871800 -1.223700 0.599400 1.027900 8.584400 -0.421700 -0.986200
5.411700 2.316800 3.090900 -0.745100 -0.958700 -0.804700 8.782600 0.346000 0.746900
4.644200 1.549500 4.639200 0.769500 0.600000 -0.503300 -0.834300 -0.740500 -0.128100
4.642000 2.315900 5.414900 0.199500 -1.172400 0.053900 -0.051900 0.223600 8.356100
5.411100 1.544500 5.416700 -0.884300 -0.631200 0.509700 6.288400 -0.322800 5.800500
5.415100 2.320000 4.638800 0.100400 -0.148300 -0.586000 8.561200 0.559400 0.531700
4.640600 3.092900 0.001800 -0.138100 -0.297200 0.448000 0.005700 -0.326700 -8.521600
5.414200 3.093300 0.770900 -0.112800 -0.189500 -0.650200 8.115500 0.039200 0.463200
4.641600 3.088700 1.549200 0.094600 -1.350000 0.531300 0.069300 1.087400 -0.154000
5.415800 3.095000 2.318800 0.281300 0.220100 -0.434300 8.775800 0.053400 0.041800
4.641800 3.091300 3.086900 0.159400 -0.704000 -1.823300 -0.147400 1.131100 1.454000
5.413500 3.097700 3.864400 -0.276100 0.897000 -0.806200 8.075000 -0.283400 -0.048900
4.645200 3.094900 4.647200 1.017500 0.202400 1.511500 -0.335900 -0.220700 -1.271000
5.406200 3.095900 5.421300 -2.116300 0.452900 1.665700 6.745600 -0.399100 6.078300
0.778300 6.798000 0.774200 1.197900 -0.517900 0.166300 -0.670200 -8.192100 0.345700
0.775700 6.795400 2.322800 0.530400 -1.170300 0.564400 -0.592500 -7.754300 -0.461500
0.778200 6.797900 3.870900 1.170100 -0.540200 0.819500 -1.039700 -8.002400 0.047100
2.323200 6.797600 0.774300 0.642600 -0.610100 0.194000 -0.828500 -8.797300 0.123900
2.327200 6.798500 2.325800 1.671800 -0.382900 1.304200 -1.103700 -8.294100 -1.249400
1.538600 6.799400 3.090700 -2.115600 -0.162700 -0.855800 1.265000 -8.183400 0.344000
1.543700 6.798400 4.642000 -0.843700 -0.410900 0.223400 0.462700 -7.897000 -0.255000
2.317200 6.799800 5.410300 -0.865100 -0.049500 -1.095100 0.421500 -6.181200 6.206400
3.091100 6.799300 0.008800 -0.744700 -0.183900 2.196300 0.538600 -6.658600 -6.568800
0.774800 3.872000 6.799800 0.322100 1.083400 -0.055500 -0.264600 -0.247700 -8.118400
0.002600 3.873900 2.319800 0.637500 1.554000 -0.179000 -7.774300 -0.682400 0.408300
0.773300 3.873400 1.544500 -0.049500 1.425500 -0.654200 -0.091000 -0.805400 0.031600
0.001200 3.863900 3.864000 0.295900 -0.925200 -0.904900 -8.101600 0.521200 -0.224500
0.784900 3.870800 3.095300 2.836700 0.790300 0.303100 -2.129000 -0.117100 -0.287500
0.002800 3.863900 5.417300 0.709700 -0.936600 0.646100 -6.154900 0.376500 6.046700
0.772000 3.868700 4.640300 -0.376200 0.264500 -0.217300 0.110400 0.344500 -0.268800
0.005200 5.417500 0.780100 1.282100 0.718900 1.635800 -6.377100 6.186000 -0.420200
0.773900 4.640100 0.776900 0.081100 -0.268000 0.851100 -0.352600 -0.287600 -0.778600
0.772100 5.408300 6.798700 -0.358700 -1.582600 -0.329500 0.386300 6.376100 -5.997800
0.000800 4.639600 1.543300 0.190900 -0.402200 -0.947300 -8.572600 -0.256200 0.043900
0.773100 4.651600 2.321200 -0.115900 2.593800 0.155600 0.176800 -1.803500 -0.412900
0.769500 5.416900 1.550000 -1.008600 0.548200 0.732800 1.093900 8.437100 -0.296800
0.002800 5.414000 3.862000 0.675400 -0.167800 -1.417300 -6.297300 6.581400 0.300900
0.769500 4.648300 3.870300 -1.018300 1.776100 0.667800 0.396800 -1.424000 -0.665000
0.775300 5.416900 3.085300 0.435800 0.547400 -2.217800 -0.306000 8.662400 0.580300
0.780100 4.636600 5.415300 1.638500 -1.161500 0.162200 -1.098700 0.145700 8.068800
0.771700 5.418200 4.644000 -0.469300 0.887600 0.686500 -0.079800 8.055700 -0.547400
1.548900 3.865700 0.771300 0.463300 -0.496700 -0.572700 0.054500 0.419900 0.378400
2.315400 3.868600 0.000100 -1.314700 0.236000 0.022300 0.484500 0.331400 -8.197800
1.537400 3.864800 2.320200 -2.409100 -0.715100 -0.108900 1.632500 1.343000 -0.280300
2.317400 3.870200 1.550100 -0.800500 0.631700 0.763100 0.858200 0.016400 0.052900
1.545900 3.866700 3.868900 -0.284700 -0.240700 0.309400 0.610800 0.878500 -0.187300
2.319400 3.876100 3.089100 -0.314200 2.121400 -1.270300 0.043500 -1.254200 0.982800
1.544200 3.866500 5.412700 -0.703900 -0.281800 -0.480600 1.006100 0.013400 8.113400
2.327600 3.866500 4.643800 1.730900 -0.294000 0.647000 -1.458300 -0.329300 -0.888000
1.547200 4.640600 6.797300 0.025100 -0.154400 -0.686500 -0.021600 -0.181000 -7.994700
1.548700 5.407500 0.775300 0.403300 -1.786000 0.449100 -0.176500 8.923200 -0.068500
2.320800 4.642800 0.776700 0.054600 0.392400 0.781800 0.322900 -0.103900 -0.456100
2.316400 5.413700 6.790700 -1.029700 -0.253500 -2.326600 0.539600 5.759500 -5.520100
1.540600 4.638400 1.539400 -1.623300 -0.709300 -1.909100 1.149700 0.209600 1.765500
1.550900 5.411200 2.319400 0.958200 -0.865200 -0.317200 -0.655100 8.839500 -0.708900
2.322200 4.646600 2.325400 0.386100 1.367300 1.223200 -0.850800 -1.825100 -1.329500
2.320600 5.414300 1.555700 -0.017700 -0.100200 2.158800 -0.011400 8.202800 -1.326600
1.545500 4.646600 3.090500 -0.398700 1.363900 -0.902300 -0.182700 -1.329900 0.616500
1.540600 5.406200 3.865400 -1.603400 -2.122900 -0.560700 0.631600 9.156700 0.339100
2.317700 4.638400 3.868100 -0.721200 -0.687400 0.102600 0.669800 0.096700 0.250900
2.312900 5.411400 3.089300 -1.924500 -0.810500 -1.192800 1.099000 8.809900 1.417000
1.546300 4.642900 4.639800 -0.185800 0.433200 -0.342200 0.062400 -0.751700 -0.021000
1.536000 5.414500 5.413700 -2.774700 -0.031600 -0.228500 0.992600 6.143700 6.409900
2.322200 4.638800 5.408500 0.386600 -0.588800 -1.559400 -0.738100 0.030400 8.851900
2.318000 5.414900 4.645300 -0.666200 0.060700 1.025600 0.100100 8.087300 -0.702800
3.096500 3.870500 0.769400 0.604800 0.721900 -1.027600 -0.472600 -0.747500 1.385700
3.100500 3.876600 2.325600 1.602900 2.237500 1.242500 -1.540100 -1.115900 -0.759900
3.099500 3.866400 3.868400 1.326200 -0.310900 0.179400 -1.657200 -0.495100 -0.386300
3.093300 3.864300 5.408500 -0.206000 -0.845200 -1.559600 0.667200 -0.248800 9.153600
3.095500 4.635800 0.000100 0.350300 -1.356800 0.017700 -0.178400 0.881400 -8.240300
3.097700 5.417600 0.771700 0.887400 0.730400 -0.469700 -0.541800 7.732500 0.505700
3.093500 4.641000 1.547200 -0.162400 -0.044000 0.032400 -0.233700 0.021600 -0.468600
3.088700 5.410200 2.321600 -1.338400 -1.118100 0.237600 0.737700 9.092900 0.375600
3.095100 4.641500 3.096700 0.236300 0.086800 0.645000 -0.242600 0.276800 0.300400
3.094600 5.410000 3.872500 0.122700 -1.170800 1.206100 -1.236800 8.563900 -0.740100
3.098300 4.634800 4.645400 1.026700 -1.597900 1.054800 -1.051200 0.476300 -0.696500
3.091900 5.409700 5.417500 -0.574200 -1.226900 0.718800 -0.180500 6.594400 6.172200
6.799200 6.793000 0.002600 -0.216900 -1.770100 0.641400 -3.646500 -3.663900 -3.754400
6.796300 6.794200 3.099700 -0.926800 -1.457500 1.405800 -5.606700 -5.606600 -0.363900
3.874200 6.796000 0.777500 1.631000 -1.021500 0.997800 -0.512800 -8.022400 -0.224500
3.862700 6.797000 2.326900 -1.244200 -0.770500 1.578600 0.601700 -7.788900 -0.661800
3.872000 6.798200 5.421600 1.082800 -0.442000 1.729800 -0.452100 -5.975100 5.562400
5.419300 6.796800 0.774900 1.156000 -0.809200 0.350300 5.798300 -5.776500 -0.067900
4.645600 6.795800 1.549700 1.092800 -1.056900 0.669700 -0.712700 -7.917300 0.180900
5.422300 6.797600 5.414700 1.895500 -0.613300 -0.009200 3.091800 -3.615900 3.349400
6.790000 3.862900 0.771900 -2.523900 -1.178500 -0.404000 -7.432100 0.419500 -0.145000
6.799800 4.641900 0.002000 -0.051000 0.186600 0.483200 -6.327500 -0.206900 -5.835100
6.797400 5.410600 2.313400 -0.640800 -1.015500 -1.811500 -6.701300 6.549000 0.386100
6.797300 4.644400 3.092500 -0.679400 0.789100 -0.397800 -7.843300 -0.687300 0.146100
6.796400 4.640400 4.639400 -0.911700 -0.206600 -0.440800 -7.998200 -0.432100 0.008500
6.797900 5.411100 5.408700 -0.529000 -0.902500 -1.482800 -3.993800 3.925400 4.346700
3.870500 3.871600 6.798200 0.705100 0.980700 -0.468000 -0.114000 -0.849000 -8.453100
3.864900 3.866100 1.555100 -0.675800 -0.379800 1.996600 0.890600 0.095600 -1.150100
3.862300 3.864600 3.093400 -1.344400 -0.767800 -0.181800 0.965800 0.154700 0.105400
3.870600 3.860600 4.641600 0.741600 -1.755700 0.091600 0.213400 1.083600 0.714600
3.867800 4.632500 0.777400 0.050200 -2.174700 0.965800 -0.100200 1.678600 0.100900
3.867600 5.421900 0.003000 -0.012200 1.797900 0.745000 -0.386000 5.476300 -6.317500
3.859000 4.646500 2.316200 -2.157500 1.335100 -1.080900 1.861100 -0.937200 0.674500
3.871100 5.415600 1.554200 0.874400 0.231500 1.789900 -0.602400 8.286700 -1.068000
3.855900 4.639000 3.874900 -2.940300 -0.541000 1.809700 2.204400 -0.227500 -0.953300
3.868800 5.413300 3.097100 0.287300 -0.347200 0.728000 -0.424500 8.215600 0.067500
3.862500 4.647800 5.417200 -1.282900 1.671900 0.627300 0.926700 -1.586700 7.933900
3.859100 5.413100 4.637600 -2.125400 -0.396000 -0.903900 1.196000 8.403200 0.343300
4.637800 3.870700 0.770700 -0.841100 0.756600 -0.712700 0.804900 -0.520700 1.171300
5.412700 3.866600 6.797200 -0.514000 -0.259200 -0.720600 6.004700 0.462900 -5.774200
4.643200 3.860200 2.319600 0.522200 -1.869600 -0.237400 -0.729700 1.231400 -0.194500
5.418100 3.871900 1.543900 0.866000 1.066900 -0.781100 7.801300 -0.697400 -0.030000
4.638400 3.871600 3.871700 -0.702900 0.985400 1.018000 0.393700 -0.507500 -1.261600
5.422900 3.871400 3.094100 2.055600 0.941400 -0.015500 7.400000 -0.426700 0.554400
4.646800 3.868100 5.422100 1.398900 0.121700 1.842900 -1.215600 0.656300 7.843900
5.417500 3.867600 4.639100 0.700800 -0.009400 -0.518200 8.310300 -0.083300 0.138300
4.636800 4.641400 6.799600 -1.078900 0.056800 -0.109700 0.556800 0.334600 -8.074800
4.633600 5.419700 0.767900 -1.885900 1.255400 -1.420500 0.664700 7.825000 1.142100
5.418500 4.647700 0.778400 0.968400 1.625100 1.218000 7.712600 -0.508300 -1.028900
5.413700 5.418500 0.000400 -0.232000 0.930100 0.075700 3.803900 3.806000 -3.928500
4.646100 4.645000 1.545100 1.227200 0.947100 -0.501400 -0.934700 -0.731600 0.786500
4.637500 5.417400 2.324200 -0.916000 0.684600 0.893500 0.510000 7.758600 -0.082500
5.417100 4.634600 2.326000 0.590900 -1.656700 1.331700 7.786500 0.603900 -0.505200
5.417200 5.412300 1.552700 0.630500 -0.589400 1.396500 5.771700 6.403900 -0.031400
4.632400 4.633500 3.088500 -2.211800 -1.924100 -1.422300 0.581800 0.325300 1.014400
4.643400 5.408500 3.867300 0.536500 -1.532100 -0.077200 -0.960100 8.008600 0.020600
5.421500 4.648400 3.869600 1.723400 1.793200 0.497700 7.784800 -1.247100 -0.670800
5.411600 5.413200 3.093700 -0.772200 -0.368500 -0.097700 6.026200 5.988500 -0.206900
4.646400 4.637800 4.640800 1.285400 -0.856500 -0.104400 -1.486300 -0.011500 0.091900
4.639400 5.409700 5.408900 -0.462000 -1.241100 -1.441200 -0.253400 6.494800 6.236400
5.416600 4.642200 5.413300 0.480300 0.264300 -0.346900 6.395300 -0.220200 6.194800
5.413300 5.414500 4.640000 -0.347900 -0.056900 -0.278000 6.407600 6.501500 0.065700
