0.558874 0.463471 6.454482 1.574557 -0.665291 -1.201374 0.264520 2.579171 10.322555
0.373691 0.403784 1.193896 -0.499616 -0.195671 -0.703640 -16.750122 15.462243 -2.310244
0.759018 0.260672 3.136727 0.067512 -0.447504 -0.717634 3.955492 10.974716 -3.372297
0.777821 0.645642 4.894290 0.359056 -0.243710 -0.219015 5.009613 11.856394 7.485091
1.341558 0.560314 0.670427 -0.841245 1.053399 -0.589573 30.610533 18.577251 -3.047314
1.301829 0.635027 2.286799 0.339543 -0.033491 -0.537380 5.223790 -7.473267 -15.748261
1.419256 0.495026 3.947954 0.104670 0.572484 1.244579 2.689955 2.916241 11.828423
1.717293 0.732182 5.710252 0.277109 0.822087 -0.193694 -26.655153 12.711209 -19.149325
2.198870 0.574708 3.230496 1.096939 -1.057872 -0.401069 14.935169 -22.088511 -15.486761
2.343854 0.750030 6.531345 -0.145007 0.125383 0.813730 0.238558 -14.531859 9.396233
2.269188 0.538817 1.508626 -1.094446 -0.669634 0.002536 -6.711260 3.835822 1.385449
2.387511 0.688537 4.652051 -0.264169 -0.962895 0.550387 1.194172 -3.733729 2.939709
3.359561 0.579665 0.573807 0.821567 -0.446811 1.572769 0.017076 -4.067087 0.546366
3.049424 0.452653 2.368717 -0.679491 -0.653883 0.274121 20.076584 19.210367 -5.370732
3.155372 0.587138 3.753341 0.038905 0.096365 -0.346159 -26.071188 9.166241 -4.215205
3.001749 0.589913 5.646525 2.176065 -0.273193 -0.271705 0.400049 -3.180731 -2.976758
4.133483 0.751384 6.510625 0.317310 0.140064 -1.074504 -2.085292 1.025010 -1.064745
3.922429 0.653440 1.688637 -1.744230 1.011053 0.661468 -13.717723 13.497148 4.338275
4.065564 0.710844 3.028340 -1.699051 -0.429301 0.773171 -10.296799 -14.170959 -4.615161
3.684723 0.751677 4.639922 -1.674917 0.040186 -0.807707 15.120510 -14.317753 8.608077
4.998462 0.771616 0.442814 -1.992863 1.723709 0.444621 -20.694496 -15.884579 -7.710258
5.169097 0.384439 2.242242 0.883230 0.748272 0.208353 -25.527838 18.621457 -2.993399
4.788259 0.605457 3.910805 -0.423608 -0.037138 -0.772590 4.540793 5.877151 3.020007
4.906159 0.787274 5.665991 -0.494492 2.237296 1.307192 0.129908 -3.349628 2.704503
4.730131 0.122870 1.353896 0.659476 0.735878 0.982472 -2.325410 -17.857165 -17.021550
5.692081 0.486528 1.207063 -0.096398 -0.914329 0.126203 16.035124 2.255083 4.193108
5.753241 0.657658 6.432352 -0.154636 -0.226873 -0.087936 -11.759870 -1.308163 -9.700540
5.802983 0.546524 2.992886 -0.363307 -0.001639 1.193448 16.112365 2.578945 21.383689
5.815080 0.601418 4.942906 0.349761 0.580046 -0.450237 -5.968589 10.409569 11.812322
6.691441 0.808937 4.062577 -0.112573 0.322598 0.457082 -16.062822 -16.483891 -7.040885
6.489060 0.596795 2.087893 0.209868 -0.217136 -0.297253 -2.280686 -5.234380 1.352734
6.426746 0.318076 0.311209 0.725184 2.389523 0.319562 12.724757 -1.867397 8.433377
6.724769 0.624479 5.641420 1.468841 0.743766 -0.025955 -15.561290 4.986142 4.380118
0.580961 1.197615 0.472031 0.800770 0.449531 -1.084318 -10.537764 13.821398 3.899763
0.457527 1.338433 2.432746 -0.481392 0.678266 0.035341 17.170613 -19.722180 11.089849
0.622295 1.479509 4.286633 -0.167950 0.538816 -0.432344 -1.912380 21.602403 -7.669337
0.839804 1.328813 5.745836 0.168417 0.907433 0.114485 -15.792376 5.681355 -7.420986
0.602719 2.009694 3.323949 -0.637588 -0.234228 -0.216604 -14.328222 -0.498221 -14.461745
0.750438 2.074127 6.618762 0.142415 -0.401742 1.513685 -0.948187 22.889099 -7.568266
1.153513 1.426246 1.411557 1.300647 1.207194 2.631820 3.092586 -10.157824 12.680226
1.451711 1.318192 6.588437 0.430190 0.529955 0.950452 10.153994 -6.543764 9.108979
1.433609 1.256046 3.108580 -0.715946 -0.550913 1.080673 -20.717915 14.313327 8.942842
1.546434 1.450969 4.738882 0.263492 1.017068 0.607495 10.562731 -25.305539 -0.641190
2.066766 1.499061 2.302122 -1.263066 -0.374064 0.208839 -5.452685 -32.879377 24.703007
1.449646 2.037470 0.605823 1.290779 -0.631629 -0.396574 11.408241 7.798866 1.510217
1.445243 2.091409 3.870874 -2.007692 0.716477 -0.185789 1.242983 12.044654 24.565015
2.113921 2.150298 1.596344 -0.830270 1.055647 0.341284 7.753497 32.407495 -43.688636
1.440446 2.191756 5.409752 -0.157992 0.154265 -0.039320 24.107152 9.321318 22.444068
2.193762 1.393744 3.836810 0.227315 -0.234084 -0.418467 20.659299 6.177081 10.586531
2.273579 2.219253 4.677827 -0.361429 0.091018 0.098265 -7.969315 18.350253 -2.038784
2.589932 2.126462 6.451450 -0.265492 -0.032408 0.712345 -29.374518 23.862302 -5.447198
2.494526 1.245139 0.748803 1.145585 0.977162 1.002104 -2.434727 8.802839 -7.427571
2.403374 1.470717 5.563233 0.834781 -0.202396 0.141730 6.294178 15.378619 -3.912158
3.163412 1.354527 6.583339 -0.772499 0.004167 -0.106720 34.194276 -24.716361 4.471990
3.018932 1.579671 1.671043 0.103586 -1.210375 -0.315956 5.733052 -5.085153 3.457119
2.944307 1.475740 2.884352 0.726013 -1.728053 -0.360606 8.595686 -1.254843 7.498688
3.060723 1.580304 4.622561 -0.097970 -1.101332 -1.241537 -9.528316 -17.191761 -4.476836
3.194420 2.246761 5.476635 0.455331 -0.405370 0.035002 -4.773027 10.107163 6.600538
4.250344 1.752755 0.616256 -0.709727 1.606791 -0.536455 -0.994996 -1.633030 -2.718166
4.169482 1.587008 2.417207 0.656353 -0.879544 0.010950 -8.216958 2.301362 -8.031058
3.795348 1.391878 3.811038 0.493800 -0.030465 -0.649159 11.605973 21.425809 -4.992095
3.744526 1.327432 5.516154 -1.020459 -0.351943 1.339893 9.947797 6.610922 8.353445
3.954442 2.059713 6.374412 -0.286311 -0.551329 0.037519 -13.364002 -5.664415 3.922963
3.855440 2.202471 4.621814 -1.960498 -0.063185 -2.086055 15.745228 10.088075 -8.350267
4.511726 2.177270 5.476350 -0.522639 0.991460 0.315326 4.014680 10.584638 10.328970
4.931805 1.624146 6.430219 0.865583 -0.807928 1.046861 -8.203164 -11.318722 4.926552
4.982372 1.450998 1.409840 0.982302 0.587544 0.842862 -8.743299 -2.432128 14.938111
4.966755 1.250845 3.049894 1.010733 1.116146 -1.075341 11.238039 5.834397 0.002365
4.743478 1.425239 4.813103 0.119594 1.664841 -0.238141 -2.913962 -10.288213 -15.799853
4.837910 2.081463 3.782328 1.283588 0.729929 -0.324605 -33.331802 4.268398 17.349248
5.576181 2.119165 4.933861 0.756199 -1.741999 0.304418 4.012624 2.532167 0.853992
5.645078 1.521862 0.633425 1.578386 0.657388 1.220638 38.422916 -12.769661 -15.393097
5.655865 2.111948 3.220082 0.085163 -0.285167 -0.258559 15.632417 15.521507 -15.152175
5.601576 1.437560 4.072312 -0.595167 -1.992807 1.315060 10.544977 -14.971323 3.583140
5.925208 2.170138 1.472423 1.327765 1.220511 -0.396441 -45.064365 11.930272 -26.647972
5.828823 1.479923 2.343850 1.154656 -0.573635 0.320573 -5.439456 -4.673305 -4.926941
5.846223 1.538200 5.871129 -1.260922 -0.185999 -0.530090 0.239584 0.332390 -15.510277
6.731608 1.464487 6.483696 -0.774132 0.539048 -0.035696 -9.892477 -38.275077 -15.965568
6.542352 1.365651 4.944765 -0.355323 1.672509 0.534786 0.294507 22.482820 -0.014190
6.466206 1.451585 3.236242 0.346023 0.791975 -0.785753 4.697072 -2.370028 -1.466373
6.524727 1.297978 1.233671 0.979296 1.324423 -0.536261 3.319081 -3.475164 -0.958115
6.662291 2.091647 0.465333 -0.064518 1.406494 -0.346621 -20.831206 14.097803 2.049925
6.703887 2.043733 2.016012 0.906774 -0.060482 -0.193570 25.186242 18.468807 24.992674
6.405921 2.229413 4.154679 -0.229381 0.013248 -0.671184 5.088120 -13.586355 9.899517
0.534237 2.272930 1.190479 -0.892084 -0.408493 -0.638182 12.206145 6.866580 12.270074
0.541984 2.475627 5.107150 1.302489 0.019484 0.074689 -25.688102 -7.369448 -8.479155
0.548317 3.138415 0.538285 1.125973 0.390013 -0.719699 8.087289 -2.923767 -17.321772
0.465129 3.200573 2.223363 -0.108229 0.919531 0.250382 18.779507 -5.750794 39.081758
0.626417 2.763241 4.124299 -0.001999 -0.291566 -0.730822 -2.471962 10.290913 -10.235365
0.591979 3.039756 5.962016 -0.167207 -1.486867 1.528426 5.142420 11.955717 12.900058
0.013718 3.345274 1.375953 1.266976 0.211179 -1.187841 -26.416749 5.144569 -13.867413
1.236956 2.441126 2.065942 0.053444 -0.315269 -0.413338 -5.737012 0.300886 5.923635
1.889357 2.386895 3.001772 0.821516 0.216005 -1.423223 8.948872 1.375919 -19.402043
1.646616 2.811979 6.288606 0.526909 -1.348437 -0.064491 3.428691 1.729168 3.702403
1.647880 3.048287 1.187081 0.497360 -0.737698 -0.063517 -14.683418 3.308111 11.695281
1.333734 3.384180 2.907905 0.922483 0.567070 0.615790 0.089346 0.019090 3.905157
1.549687 3.155800 4.683852 -1.141979 -1.495129 -1.044915 -8.609245 -10.221142 5.733996
2.139780 3.299018 2.180408 -0.339869 0.153113 0.712329 -2.257341 -7.218597 5.721164
2.185945 3.046445 3.820346 -0.935260 -0.266929 0.903030 -3.862195 0.766773 -1.448080
3.241433 2.269142 0.517448 -0.863899 -0.098825 -1.087884 5.078108 -2.494045 2.662971
2.356891 3.106524 5.395468 0.872883 -1.059605 -0.298944 -4.316904 -3.543214 0.885199
2.354575 2.901580 0.482145 -0.491933 -0.808024 0.300336 4.815524 -1.358814 -19.294653
2.893082 2.508542 2.366448 -0.352881 -1.197045 -0.138974 1.145637 -6.604817 5.940304
2.860360 3.133849 6.323912 1.774709 -0.073202 0.227562 7.544267 6.773147 5.182469
2.909138 2.956314 1.379578 -1.191118 -0.668200 -1.052194 3.643308 -6.588061 -4.068145
3.022317 3.081763 4.514162 0.258465 1.021759 -1.011055 -74.351700 -25.387732 9.963713
3.082746 2.389367 3.649426 -0.373559 -0.433447 0.125828 1.035118 -4.859035 -0.903487
3.840860 2.327915 1.533746 0.054550 0.476931 1.450809 -9.693052 -23.938711 13.631731
4.076617 2.548392 3.011356 -1.641542 -0.029886 -0.739281 -6.742424 -2.785425 -2.810394
4.264277 3.172284 1.980914 0.238406 -0.322324 0.874925 -1.944547 14.960232 7.616979
3.921263 3.293549 4.417110 0.516033 -0.767672 0.671397 74.565382 5.314497 -19.910854
3.885086 3.039624 5.915684 1.103229 -0.593918 -0.675711 -17.001903 -3.016034 -11.605878
4.160111 2.989208 0.847131 1.453458 1.169858 0.840387 2.361362 14.041323 -18.486615
5.158118 2.376765 0.639307 0.218454 0.650507 0.378976 -29.547407 22.332224 20.045939
4.897803 2.351906 2.184333 -0.323532 -1.531967 -1.280390 9.254680 -4.612225 0.626682
4.618316 2.843350 6.622129 -0.779631 -0.240898 0.569188 11.714187 -1.138728 11.141842
5.097640 3.251233 1.299460 -0.422860 1.427527 1.165805 7.366150 -1.689463 7.193166
4.960601 3.058428 3.322239 0.065945 -2.167859 2.069849 12.250023 1.191478 -2.424722
4.940708 3.034862 4.905156 -0.154698 1.231192 -1.032125 -25.989144 3.081485 -22.379792
5.601192 3.002579 5.637560 0.514399 0.543749 -1.380130 24.767320 -2.772985 26.318795
5.653340 2.350856 6.564437 -0.322000 0.039328 1.050806 20.438352 11.965404 -10.155616
5.715933 3.038750 4.108875 0.285401 0.708046 -1.166145 -0.579347 -0.264951 2.791000
6.015964 3.000884 0.765185 1.603170 -0.593552 1.123713 1.190749 -4.408921 -7.983269
6.589113 2.340651 5.974503 -2.093829 0.651142 0.047166 -3.263143 7.433052 -12.123754
6.192527 3.176446 2.314760 -0.361606 -0.196507 -0.393312 -4.886426 -2.884509 0.040589
6.613175 2.808091 3.320249 -0.222304 1.458472 0.524217 3.495987 4.623898 -9.806886
6.427899 3.245464 6.524407 0.384593 -0.672206 -1.543554 0.154632 -12.565984 14.039136
6.478215 3.140450 4.973299 0.299541 -1.105080 0.705790 -9.468089 -19.248603 16.804233
0.617067 3.975476 6.616567 1.330806 -0.135573 -0.629224 -10.305807 -0.587653 -6.768287
0.951853 3.859093 1.483074 -0.019040 -1.025097 -1.059265 10.533565 -10.283290 -2.633732
0.363967 3.889627 3.198633 0.467554 0.507329 0.750417 0.992288 -0.861615 3.656247
0.592373 3.703007 5.026901 -0.196997 -0.425362 -0.138657 -4.632704 -2.386078 -10.505319
1.208373 3.967202 4.086109 -0.318479 -0.214788 -0.054973 5.912797 -7.899588 -9.718901
1.511499 3.670667 0.232374 0.133157 0.506323 -1.089859 12.011730 -1.486142 4.248493
1.658248 4.326110 2.322646 -0.316322 0.971091 0.761824 13.379042 -8.524495 3.948436
1.307176 3.893332 5.727786 0.062210 -1.749049 -0.328823 19.643568 -0.541627 12.951007
2.074650 4.114507 3.424847 -0.535415 1.721045 0.190327 3.092493 2.330605 -1.769721
2.336348 3.897452 4.600981 -0.957911 -0.845046 -1.106250 -22.606247 -0.216572 4.666567
2.435939 3.919962 1.390771 -0.737740 0.008835 -1.410697 -0.839289 11.315915 -2.620695
3.073229 3.500291 3.341772 -1.215093 -1.382740 -0.800757 -3.970112 0.783473 1.227157
2.383605 4.112159 6.241123 1.206288 0.509613 1.237670 -4.230608 1.622738 -4.348424
2.861152 4.059015 0.418797 -0.831627 -1.378146 1.078924 5.386307 -2.980302 -0.382083
3.259477 3.551830 2.186192 0.475741 0.984027 0.184008 -10.496516 -8.319176 7.928130
3.247989 4.184991 4.292638 0.991866 1.128883 0.273362 16.193088 -8.206245 11.243732
3.233511 3.775264 5.371926 0.130340 -0.901797 0.438644 1.813846 3.033630 0.044170
2.717946 4.518843 2.339420 0.168881 -0.452006 0.706457 3.031787 0.823573 3.227125
3.964009 3.888668 6.651587 -0.436362 -0.215108 0.408298 -1.706382 1.256888 3.851670
3.757220 3.963105 1.325819 0.974985 -0.757593 0.755391 -11.077609 -2.866667 4.693327
4.116610 3.680111 3.190169 -0.134462 -0.553352 0.132942 -2.529207 3.988181 0.796412
4.310201 4.090170 4.906711 -0.076803 1.351628 -1.359064 7.275655 5.097285 18.670428
3.838737 4.366773 2.392319 1.588992 -2.467645 -0.302578 5.216098 15.506716 -0.086361
4.651822 4.090032 0.814710 0.317769 -0.229193 -1.059557 15.172882 -9.062999 -21.437925
4.875938 4.083161 2.476666 -0.904438 0.512414 -0.014533 5.707779 -17.286654 -15.144177
4.741458 3.605281 5.907698 -1.886932 -1.333760 0.743218 2.522680 16.074875 -16.515245
5.336800 4.005786 4.547666 0.125568 0.501398 -0.874326 7.313200 1.561863 -1.194063
5.384998 3.785514 6.703451 0.477429 -0.634389 -0.348650 6.800108 -4.489937 6.317817
6.659209 3.794551 4.236863 0.581504 0.032406 1.634761 -0.941914 13.733743 -21.128450
6.022586 3.705971 3.312314 0.981828 -0.094121 -0.502310 -1.367613 3.844830 -2.821510
6.547119 4.252114 2.380841 -0.005037 0.338210 1.926977 -1.637566 -2.779377 -5.016676
6.357563 4.093623 5.973665 0.209249 0.842341 0.175468 2.899144 16.552593 -9.562202
6.413032 3.977201 0.606360 -0.250996 1.239622 -0.798439 4.653098 10.280018 -6.102299
0.677889 4.611750 0.801052 -1.202992 0.619124 -0.114653 -6.965294 4.293394 -8.916762
0.717175 4.639091 2.124293 1.557312 -0.298538 -1.833402 -25.869070 14.347574 11.373627
0.518070 4.667639 4.369898 -0.047677 -1.915274 -0.286385 -10.516076 13.688268 4.297409
0.597085 4.693104 5.584599 -0.716112 -0.681449 -0.431735 -1.115980 -2.297383 2.469221
0.235328 5.659971 5.331783 -0.314022 0.524673 0.522375 -10.921588 -3.692674 -4.053452
0.160088 5.070840 3.253811 0.350596 1.993727 -0.210418 1.445806 -7.692745 -6.803223
0.121994 4.909227 6.660673 -0.463540 -0.177089 -0.461370 -4.971136 -1.309435 -1.226607
0.563106 5.663648 1.388398 -1.305964 0.050567 -0.885950 -22.814556 5.198080 16.302085
1.623637 4.726325 4.781491 -0.343802 0.483164 1.183765 -5.404401 1.861166 9.674478
1.374796 4.883001 6.592427 -0.451736 0.495459 -1.078936 -7.028709 -4.290281 4.434867
1.413267 5.027297 1.477118 0.926960 -1.566200 -0.804132 23.517625 -21.386315 1.038339
1.229672 5.086564 3.497661 0.117071 1.368666 -0.069972 -7.157790 -3.955403 -3.578905
2.058885 5.099646 5.819298 -1.017938 0.312725 0.445959 -8.610206 -5.044615 -0.804047
1.232516 5.569869 0.653005 1.490220 -1.389016 -0.002716 17.315239 -18.920871 -37.590502
2.137670 5.198729 3.983818 0.185579 0.973717 0.033318 11.304657 1.759858 -3.458879
2.280763 4.999288 0.689392 -0.068663 0.475201 -0.270913 -1.075681 2.458510 -0.573833
3.351095 4.686314 3.432022 0.799156 -0.843220 0.471452 -0.889994 4.918208 -20.480863
2.813784 4.809986 5.121542 -0.225655 -0.211465 1.217600 -0.777212 -12.599807 9.531657
2.411074 5.620507 2.721709 -0.161392 1.307888 0.701887 -0.907525 0.638852 1.720722
3.153032 5.050073 1.448253 -1.083303 -0.862738 -0.315501 0.400203 -4.542351 1.074853
3.247309 4.839598 6.528464 -0.518764 -0.154186 0.013679 -2.477255 1.760411 -2.818533
3.059615 5.494558 4.415172 -0.144692 -0.731583 1.243716 8.975202 7.738864 -27.120770
4.030250 4.912723 4.344430 0.629906 -0.166261 -1.038753 -5.730272 6.877996 -7.866874
3.882496 4.781524 0.637813 -0.017864 0.627095 1.264061 -9.891213 -1.042615 -5.288800
3.988126 4.876216 5.667896 -1.566281 -1.967456 -0.045228 -8.285650 -16.118160 -0.005783
4.589001 4.736656 3.200387 -0.215294 1.352314 -0.300186 -7.033946 12.725657 12.501524
4.996001 5.027623 4.821250 -0.680141 0.780017 0.231487 0.267107 2.878064 -2.355085
5.372985 5.338933 3.732390 0.338844 0.642140 -0.403852 -41.273892 33.665090 -0.712437
4.706433 4.744072 6.549666 -0.825414 -0.062289 -0.865733 -4.423556 -0.477204 2.437315
4.698341 4.752331 1.599616 -1.368959 -1.344379 -0.873893 1.846531 -13.604359 3.087969
5.408138 4.564776 5.710546 0.680618 0.114105 -0.611305 -11.326538 -11.861894 0.748388
4.563323 5.566964 0.675172 0.195658 0.132671 -1.231120 9.879570 0.808899 -23.478770
5.091102 5.402510 2.345683 -0.563751 0.784509 -0.630810 0.815104 3.480219 15.761974
5.390165 5.591422 1.366656 0.070756 0.014136 -0.027996 8.593094 2.255812 -3.912388
4.664020 5.659167 5.685449 -0.082950 -0.829389 -0.250150 20.827354 9.558064 -9.767987
5.691234 4.731362 0.292282 1.636279 -0.410186 0.383198 -2.499954 7.903600 -1.150296
5.821681 4.589999 1.459653 0.016825 0.044435 0.064544 -5.950510 -11.897861 2.666787
5.695487 4.645084 2.877185 0.410970 -0.544241 1.109350 -6.312874 2.437728 -5.896294
6.366943 5.391457 1.924038 -0.445539 -0.295992 -1.153684 1.474933 1.842838 5.812530
6.213915 4.697372 4.918012 0.361452 -0.547233 -2.202971 6.567197 -14.602643 -0.082494
6.436496 5.224241 0.884868 -0.667265 -1.115033 0.713367 12.321468 -5.738946 7.896175
6.120494 4.744099 3.820162 -0.863935 -0.321421 0.099949 39.512610 -31.790966 17.948508
6.084936 5.338824 5.787881 0.877310 -0.223810 -0.870144 10.236907 6.033669 14.489904
6.069066 5.652696 2.932547 0.152116 0.028225 0.406814 1.193627 7.810981 3.159186
0.632796 6.024283 3.315062 0.423296 0.643018 0.264465 10.664375 -11.886488 3.915014
0.553936 5.897988 6.576085 0.374279 0.568936 -0.903189 -10.500755 -29.386345 -40.193387
0.501924 6.747200 4.207323 -1.179979 -0.338045 1.391119 -2.479075 -21.157243 -9.899633
0.601947 6.659083 5.543509 0.026415 0.499570 -0.196884 15.868147 -12.091000 4.057457
0.907095 6.484197 0.445136 1.129208 -0.744021 0.208668 -8.475326 34.986982 12.774454
0.218521 6.209521 2.276592 0.402543 -0.539407 0.680428 0.785053 3.292640 -1.593554
2.252808 5.859188 4.979567 0.426497 0.997850 0.659368 -17.729267 -1.892652 -13.637884
2.113657 5.985396 6.715748 0.291284 0.008179 0.561896 0.996386 -23.895329 -9.765601
1.341604 5.895954 4.316009 -2.072191 1.587286 1.065892 -6.216494 -3.696331 -3.885382
1.982461 6.035502 1.201760 -1.593812 -0.043744 0.773075 7.089009 -13.630951 9.022068
1.397557 5.778243 2.181008 1.720109 1.317797 -0.131246 -0.988856 13.759812 11.664158
1.248803 5.801992 5.549147 0.749668 0.065024 -0.890262 13.234729 -1.372539 2.428531
1.615431 6.723205 4.930326 -0.359325 -0.225701 -0.526197 -14.711011 7.016398 -11.041240
1.175238 6.649681 1.407001 -0.576076 0.036649 -0.135853 16.040647 -14.058508 37.193192
1.442648 6.705256 6.333513 0.689369 -0.487624 0.749772 -37.530809 -1.404540 27.052689
1.644062 6.375114 3.239859 -0.503295 0.078465 -0.397214 -5.555435 -2.960975 -10.974594
2.212240 6.706752 2.358750 0.017105 0.355751 -0.459448 -19.598134 -20.610224 -0.902620
2.205777 6.672914 5.753114 -0.734709 0.288036 -0.709075 61.765208 -32.066638 -12.097722
2.263965 6.472149 4.046705 -0.077982 0.524513 -0.753582 4.914948 2.830673 4.600599
2.866726 5.748490 5.765391 1.488492 0.260452 0.522396 24.925837 4.386610 21.088488
2.328308 6.759416 0.533853 0.972340 0.729990 2.637780 -0.411836 26.781841 -6.774829
3.263114 5.686611 0.561763 2.149248 -0.614911 -0.872375 -2.389355 5.211497 -4.459389
3.155815 6.630514 4.576371 -0.060384 0.309950 0.184722 2.979598 -6.377266 9.947358
3.057990 6.543672 3.149184 -0.753637 1.429750 3.000327 -2.869212 -14.228102 -0.491270
3.119002 6.621296 6.448618 -0.713420 -0.008177 0.305233 0.949586 -0.612611 4.023320
2.929584 6.506766 1.318407 -0.764361 -0.515998 -0.109824 19.133245 -2.838894 13.304322
3.365226 5.861814 2.171489 -1.609424 -0.153164 -1.180874 -20.027811 -8.727689 4.712906
3.780565 5.668224 3.336208 0.170209 0.149714 0.046637 1.316224 4.512166 -1.483283
3.883352 6.756533 5.536915 1.132681 -0.370254 -0.793626 1.404470 2.811227 6.025788
3.946361 5.727163 6.421809 -0.773710 0.489989 -0.951508 -8.222995 2.935614 11.063267
3.753531 5.775537 5.115961 -0.089222 0.840323 -0.700783 3.802069 3.138129 5.645025
4.105010 6.546416 2.279859 -0.867841 -0.044531 -0.096333 14.570203 15.096760 6.544436
4.366014 5.909964 4.245508 -0.050653 -0.582534 0.982969 8.665522 -20.464045 -7.281273
4.257742 5.666228 1.628393 -0.949283 -0.382611 1.003638 -10.966634 16.933395 16.761888
3.943630 6.747823 3.824802 -1.365088 -0.400406 0.708627 6.447954 -3.799245 -5.633432
4.150886 6.555217 0.438721 -0.009817 -1.367768 1.835892 -1.731851 2.138344 -1.541414
5.200193 5.737310 6.619296 -0.697608 -0.126124 0.034800 0.885452 -24.809470 -20.886757
4.647895 6.737345 4.763914 0.934079 0.963810 -0.501976 7.092978 14.131638 10.979461
5.038826 6.456436 3.360205 0.260257 0.003583 0.792392 -0.541911 -1.086763 -0.509685
4.828615 6.676408 6.349549 -1.603065 -0.143701 -0.464347 -2.490518 8.115747 -3.458494
5.425712 6.319224 0.587716 -0.578649 -1.552439 -0.723999 5.848128 24.754227 17.228709
5.606884 6.277109 5.550490 0.564270 -0.276537 0.029032 -17.777320 17.442691 14.533785
5.899472 5.677656 4.794023 0.700107 0.331891 -0.150897 -6.780480 -12.183165 -22.648593
5.678412 6.628080 4.301253 -0.473325 0.876540 -0.213008 -8.085583 -10.718693 -18.057269
6.613068 6.627853 3.194724 -0.539050 -0.147678 1.332305 -22.464086 5.121804 4.053333
5.801756 6.411517 2.096869 0.267029 -1.287954 -0.841066 15.874462 -16.683707 -3.493571
6.777771 5.698370 4.160549 0.221821 0.333134 -0.962097 1.106726 0.265682 0.144265
6.281012 5.764843 0.044295 -0.129977 -0.691055 -0.638412 -10.673822 1.859459 0.232218
6.493735 6.502304 4.979166 0.603286 -0.806760 -1.237221 10.187611 14.726705 -2.390356
6.471490 6.406992 1.111669 0.861717 -0.906434 -0.506379 -5.076214 -12.245977 6.077101
6.520790 6.405851 6.102624 -1.349010 -0.587402 0.260715 1.277493 14.486952 -9.669053
