0.802169 0.762235 0.022888 1.378738 -0.545721 1.042731 -8.496101 2.168898 -12.035516
0.006197 0.783762 2.310286 0.233327 0.485734 -0.481678 -8.166415 -4.243431 4.760558
0.768363 0.792533 1.559002 -0.250878 0.924412 0.566902 0.274942 -4.580525 -4.564568
0.765124 0.772920 3.099083 -0.413654 -0.002620 0.223620 0.041800 3.231156 -3.608114
0.001537 0.004288 4.666009 0.024788 0.178180 1.178584 -5.830878 -3.286776 -8.902648
0.756164 0.013256 5.402577 -0.837675 0.612042 -0.535089 4.268598 -5.136794 8.450370
0.784552 0.814990 4.648531 0.531762 1.993211 0.343005 -3.612499 -13.027293 -2.380096
0.000615 1.558350 6.777196 0.002244 0.528643 -1.182055 -2.066812 -5.047032 -4.078479
0.041869 2.325364 0.724941 1.978050 0.237944 -2.301813 -15.406579 -0.127998 19.451770
0.787689 1.524739 0.757805 0.689832 -1.092806 -0.747159 -3.472577 3.736057 4.880251
0.774854 2.333676 0.019748 0.153330 0.638670 0.846656 13.716793 -2.449888 -19.006129
0.005306 2.315495 2.338521 0.175689 -0.208251 0.803742 -10.605331 6.947247 -13.979864
0.755674 1.564771 2.313484 -0.799100 0.865671 -0.330997 13.055760 -2.949898 3.191871
0.810679 2.312568 1.536776 1.771869 -0.357140 -0.526281 -13.950748 7.020003 -1.713521
0.010757 1.558245 3.069961 0.459350 0.522733 -1.148976 -8.743617 -5.739654 8.982973
0.016010 2.292175 3.866019 0.729039 -1.373425 -0.061096 -7.620334 6.784622 2.944813
0.792075 1.556037 3.899581 0.889918 0.424909 1.502412 -6.463892 -3.750182 -14.051290
0.746976 2.345343 3.086458 -1.212226 1.208193 -0.381528 16.134989 -4.139463 0.614371
0.024978 1.569765 4.671719 1.146966 1.099555 1.475270 -11.965832 -5.491465 -7.055773
0.804071 1.536238 5.429925 1.493835 -0.521297 0.866147 -5.689276 2.906500 12.380234
0.785945 2.306540 4.656259 0.609015 -0.625107 0.749302 -2.577787 11.618406 0.380576
0.010485 3.093510 6.774601 0.484547 -0.006977 -1.322239 -3.682997 3.530934 -5.486764
0.807154 3.106949 0.759209 1.652089 0.649315 -0.670714 -5.285928 0.821785 5.918971
0.027096 3.115598 1.521858 1.291459 1.013141 -1.223537 -6.206730 -8.905825 5.458031
0.790888 3.091190 2.296328 0.825012 -0.158615 -1.178068 -7.319979 -2.437714 4.925813
0.795027 3.115675 3.855888 1.008481 1.031992 -0.609704 -11.142583 -6.502374 -3.708275
0.028955 3.102646 4.636002 1.380605 0.388920 -0.269044 -6.770482 -5.585700 -0.755846
0.801457 3.113314 5.438382 1.355193 0.921411 1.236540 -7.037982 -5.644305 4.603581
1.548155 0.008649 6.786349 0.065304 0.343177 -0.734212 1.443583 -11.251682 -5.411399
1.557392 0.744798 0.774337 0.518567 -1.337548 0.034228 0.190662 14.052037 -2.349614
2.311527 0.747842 6.788337 -0.442095 -1.210750 -0.646832 1.741986 9.996498 -6.236467
1.538072 0.027632 1.533538 -0.430190 1.255231 -0.618737 2.462564 -16.069134 8.811985
1.555278 0.780288 2.295083 0.407645 0.355669 -1.202218 -0.537734 1.668981 10.573602
2.308260 0.760026 1.519599 -0.569666 -0.616563 -1.279531 6.774152 7.675498 13.922302
1.516875 0.759357 3.863407 -1.417895 -0.662190 -0.192729 13.374216 5.956053 2.600448
2.334480 0.018478 3.877746 0.670958 0.835847 0.513853 -3.333138 -10.350357 2.105455
2.351925 0.718475 3.106542 1.426941 -2.587386 0.625955 -21.595932 24.626064 1.214836
1.543333 0.762397 5.417273 -0.168598 -0.545178 0.190151 2.584775 0.838078 5.878135
2.352112 0.779733 4.645604 1.519009 0.323531 0.194314 -7.940112 1.025089 -2.620138
1.551225 1.557005 6.793042 0.227047 0.480527 -0.405355 2.664578 -2.342732 -5.431418
1.550781 2.313418 0.779147 0.211277 -0.326098 0.260613 3.898400 4.637730 -4.102805
2.328134 1.549178 0.792871 0.351586 0.063551 0.921346 -3.703729 -6.608440 -8.092429
2.346010 2.304198 0.003426 1.247229 -0.782863 0.108851 -3.462476 5.354396 -6.026860
1.526399 1.553962 1.536760 -0.970340 0.287990 -0.519101 9.774721 -9.021655 -0.583584
1.574543 2.312304 2.283791 1.324061 -0.369975 -1.787093 -7.451154 7.087134 7.294846
2.307891 1.561391 2.313697 -0.598785 0.624409 -0.363159 5.596560 -13.896155 -3.246311
2.345488 2.293707 1.517569 1.198559 -1.267069 -1.433516 -6.882116 11.519443 6.354519
1.552143 1.547958 3.112642 0.236142 0.021838 0.886935 -2.705456 -3.339032 -5.496147
1.507365 2.329104 3.860341 -1.890973 0.414927 -0.375932 13.628379 -1.196960 -1.565666
2.335855 1.529271 3.885260 0.714567 -0.855861 0.844976 -6.861364 4.752907 -5.180565
2.307854 2.304981 3.053923 -0.647410 -0.762560 -1.872891 -1.801591 3.010998 20.609374
1.541201 1.565759 4.653925 -0.220034 0.888911 0.615657 10.939067 -6.776161 -2.120376
1.524685 2.328691 5.441083 -1.076456 0.404196 1.380624 6.276690 -0.283140 6.066160
2.310158 1.523533 5.450330 -0.538116 -1.138156 1.830219 -2.438636 5.582485 4.058951
2.298897 2.311738 4.663353 -1.072447 -0.429412 1.072423 1.999137 2.072124 -4.341687
1.557751 3.118430 6.789972 0.534726 1.149608 -0.578374 -0.323235 -9.752096 -8.367460
2.331947 3.081795 0.777957 0.557413 -0.594011 0.242798 -1.697368 3.165549 2.217630
1.565774 3.120420 1.554403 0.936354 1.254840 0.337236 -0.183253 -9.035071 -4.553251
2.349662 3.106932 2.331844 1.341153 0.705187 0.489713 -18.728005 11.270799 -11.286438
1.565255 3.102432 3.078143 0.909111 0.378328 -0.789288 -0.104864 -5.419638 1.579563
2.302598 3.078893 3.887327 -0.869864 -0.738482 0.926388 4.175077 3.006416 -7.893498
1.516721 3.106893 4.615159 -1.452519 0.607516 -1.227464 9.462046 -4.800099 12.134276
2.318368 3.075751 5.424972 -0.126464 -0.898526 0.564028 -2.007942 2.982931 4.485896
3.060524 0.751144 0.773503 -1.595221 -1.034845 0.029575 12.405188 12.167009 3.384951
3.101978 0.003540 1.529551 0.389265 0.103982 -0.821019 -0.544458 -7.929509 7.951609
3.079227 0.791836 2.356662 -0.724903 0.907545 1.685689 3.228479 -1.994041 -17.660133
3.086706 0.006935 3.072818 -0.303245 0.229251 -0.987424 11.279188 -15.569034 12.332866
3.136287 0.796642 3.840711 2.017156 1.133923 -1.268670 -14.646387 -4.482145 12.005099
3.105140 0.003092 4.630534 0.558486 0.093513 -0.507953 0.953362 -5.952648 4.156473
3.089018 0.790376 5.435764 -0.221347 0.817365 1.109061 4.943727 -4.166951 5.084381
3.102684 1.548692 0.033740 0.390639 0.048787 1.588165 -5.597572 -4.911199 -11.549564
3.116777 2.312397 0.773836 1.112572 -0.345651 0.034546 -3.199734 9.567017 2.194173
3.119687 1.556235 1.542086 1.250779 0.412831 -0.212497 -3.938613 -6.643272 5.256452
3.040256 2.358363 2.314284 -2.552623 1.736829 -0.331880 22.057889 -23.791983 -3.909955
3.090570 1.532008 3.106460 -0.202996 -0.652101 0.583510 -4.050445 15.278442 -4.978423
3.091331 2.334859 3.857137 -0.141605 0.670673 -0.524361 -0.307710 -6.258370 0.142331
3.090935 1.567147 4.654963 -0.154301 0.972942 0.633684 0.430066 -4.572361 -7.278921
3.089567 2.299237 5.435769 -0.239998 -1.035038 1.126704 -1.781610 4.733996 7.727871
3.075963 3.146254 0.011395 -0.862751 2.529953 0.486410 6.560396 -11.683999 -9.880845
3.102605 3.101275 1.553831 0.378127 0.397020 0.289182 -6.952341 5.615216 -7.525877
3.072649 3.073262 3.066345 -1.049512 -0.968394 -1.271387 4.723941 11.301751 18.632170
3.095453 3.083183 4.636991 0.037669 -0.568206 -0.205543 -4.297967 -2.974430 1.393679
6.790478 0.763557 0.786255 -0.526453 -0.472674 0.620576 -4.119652 3.123080 -2.799194
6.784067 0.004465 1.553415 -0.820687 0.171221 0.318617 -1.462160 -5.487559 0.194623
6.787582 0.785331 3.858745 -0.662742 0.602663 -0.415406 -3.128415 1.170607 4.101939
6.789400 0.787600 5.403915 -0.576499 0.718854 -0.475432 -4.498404 1.534528 7.152817
6.785661 1.556759 1.552527 -0.769460 0.506813 0.234861 -4.625673 2.929909 -5.397884
6.792142 2.320110 5.413118 -0.414312 0.001899 -0.015835 -1.157999 3.910333 7.259646
6.770364 3.072982 3.084141 -1.520340 -0.997639 -0.491526 -3.273927 8.341670 1.396552
3.831549 0.780689 0.010346 -1.750051 0.338586 0.461344 8.140691 -3.561021 -5.127744
3.859490 0.768926 1.555291 -0.413258 -0.218998 0.426275 -0.826752 0.912270 2.229909
3.832536 0.038748 3.839740 -1.695174 1.824539 -1.418950 9.783842 -14.385809 -3.280471
3.895248 0.811586 3.086796 1.322113 1.761839 -0.348344 -9.466424 -24.327838 3.712456
3.870684 0.762873 4.644287 0.126587 -0.471836 0.127284 -4.017068 8.169993 -3.405936
3.874158 1.564025 0.773000 0.304664 0.807734 0.011752 -2.975879 -5.880180 4.487406
3.852698 2.313695 0.003348 -0.734525 -0.297037 0.083368 2.097653 7.013510 -9.369191
3.851248 1.522496 2.355720 -0.821249 -1.104317 1.617832 -0.884743 18.924421 -21.952283
3.849577 2.348266 1.570699 -0.860151 1.297906 1.192432 6.242629 -12.863659 0.809394
3.875616 1.529093 3.843783 0.427338 -0.797982 -1.113661 4.681849 15.195860 12.031969
3.883956 2.344845 3.074123 0.761772 1.160902 -0.959604 -7.834260 -7.864882 6.055540
3.871609 1.558492 5.375762 0.199644 0.532365 -1.828845 0.277414 -6.358229 14.732771
3.852456 2.326515 4.666583 -0.716244 0.274687 1.133223 6.230639 -3.397058 -20.087000
3.903011 3.083523 0.780492 1.682058 -0.483475 0.354885 -12.829179 6.709274 0.275007
3.839377 3.091286 2.319297 -1.357669 -0.135515 -0.049004 8.182837 1.598332 2.641521
3.852862 3.105177 3.877629 -0.673250 0.495190 0.460961 9.678550 -8.804190 -5.733027
3.890120 3.070377 5.381629 1.088079 -1.145352 -1.504211 -5.520491 6.826337 20.096869
4.659467 0.003243 0.005451 0.884816 0.127784 0.231988 -3.672537 -2.927157 -3.657359
4.617185 0.773984 0.801522 -1.169316 0.019060 1.342485 5.133437 -1.779811 -9.504183
5.395489 0.800099 0.012228 -0.910654 1.333759 0.581814 5.114868 0.225827 -2.132229
4.633353 0.775323 2.325155 -0.375002 0.076823 0.161542 3.163608 -3.008368 -10.110172
5.434144 0.020001 2.290947 1.028713 0.955318 -1.453124 6.210683 -4.288929 4.374802
5.429482 0.774882 1.518845 0.792139 0.102975 -1.383228 4.696171 4.452610 3.780990
4.665054 0.027439 3.091301 1.159176 1.270628 -0.148524 -4.417183 -11.884416 -1.278741
4.666882 0.765580 3.856268 1.203556 -0.304952 -0.586254 -11.425762 13.563829 -3.016834
5.424277 0.033320 3.876276 0.567284 1.530121 0.386663 11.100682 -19.336877 -7.733094
5.448909 0.763500 3.101786 1.770941 -0.447222 0.368174 5.966189 7.127548 -2.377816
4.609272 0.010011 4.573642 -1.581949 0.385877 -3.290193 2.395158 -14.371430 13.043261
4.611513 0.768225 5.411581 -1.428877 -0.257860 -0.105777 8.548019 0.919480 4.452557
5.417961 0.740319 4.616459 0.225908 -1.572812 -1.154236 6.121166 13.237044 13.800231
4.622876 1.560582 6.798084 -0.923339 0.654233 -0.148448 -0.472250 -3.106408 -4.645325
4.639339 2.322750 0.797255 -0.100574 0.110328 1.135733 -0.260615 0.371728 -8.561238
5.415168 1.575803 0.784048 0.096207 1.389148 0.515206 7.827657 -7.201906 -2.281570
5.427494 2.282683 6.792500 0.670794 -1.854524 -0.423713 2.588371 5.972457 -5.255630
4.636830 1.547134 1.508528 -0.251465 0.010581 -1.786305 -3.685769 0.931568 21.020397
4.677648 2.310663 2.341983 1.694890 -0.495200 0.957309 -18.425130 0.538088 -17.574510
5.392198 1.531696 2.345309 -1.016781 -0.795752 1.162136 13.497697 -4.350642 -11.087470
5.411216 2.311168 1.554515 -0.083013 -0.462845 0.387188 10.323270 1.282048 2.248401
4.617264 1.540987 3.060904 -1.117972 -0.271629 -1.539908 13.381810 5.936046 18.390015
4.655729 2.331829 3.875182 0.640246 0.575122 0.350327 -11.813622 2.213661 -3.944695
5.391204 1.558762 3.887549 -1.072341 0.553183 0.922636 12.704830 -4.946341 -11.091012
5.400894 2.301641 3.078578 -0.574993 -0.922649 -0.711877 14.652261 3.741665 10.595204
4.655795 1.558619 4.630879 0.664140 0.531016 -0.518179 -9.398997 -6.860268 0.920720
4.644986 2.297299 5.416563 0.186169 -1.146302 0.168211 0.090188 2.880580 7.804029
5.397583 1.534253 5.425181 -0.796926 -0.659515 0.553567 6.541564 -2.805432 2.310077
5.417628 2.317971 4.629642 0.236364 -0.093184 -0.541605 10.078809 5.612602 5.937895
4.638266 3.087987 0.008062 -0.147105 -0.325673 0.314136 0.476639 -2.644783 -9.958809
5.413103 3.090323 0.760959 -0.018262 -0.189295 -0.597039 5.925188 0.014683 3.911717
4.642876 3.067732 1.557674 0.083346 -1.254974 0.530514 0.598167 9.250428 0.392765
5.421329 3.098535 2.311930 0.433983 0.221524 -0.430388 12.018927 -0.028741 0.364899
4.644055 3.080652 3.058504 0.131578 -0.608156 -1.688268 -0.743424 9.370799 13.566395
5.409775 3.111880 3.851502 -0.190349 0.870129 -0.809576 5.106432 -2.622932 -0.253438
4.661122 3.098026 4.670361 0.976475 0.181049 1.364328 -1.828839 -2.052881 -13.533477
5.373282 3.102894 5.448494 -1.971511 0.405282 1.741501 13.082637 -5.401146 5.905001
0.797220 6.788916 0.777174 1.140542 -0.624030 0.200313 -7.218079 -7.103143 1.607373
0.783902 6.776155 2.331509 0.475466 -1.232358 0.502740 -7.561238 -2.840887 -7.147997
0.796463 6.788577 3.884006 1.079311 -0.632615 0.813742 -10.748298 -6.205160 -0.967408
2.332882 6.786776 0.777686 0.550398 -0.766211 0.224400 -10.074899 -12.240373 2.193124
2.353318 6.791591 2.345885 1.558030 -0.498232 1.174196 -12.012030 -8.678562 -14.029702
1.505566 6.796097 3.077247 -1.984663 -0.258587 -0.815127 13.748153 -6.162365 4.730966
1.530468 6.791253 4.645346 -0.799454 -0.486869 0.193222 4.473701 -4.179786 -1.291939
2.303540 6.798509 5.393336 -0.824563 -0.126849 -1.013175 4.131149 -5.513657 5.956588
3.079584 6.795538 0.043110 -0.684220 -0.308472 2.066066 6.755238 -10.559786 -11.641985
0.779992 3.889122 6.798249 0.310275 1.053551 -0.149037 -2.521063 -3.126100 -5.860501
0.012325 3.898345 2.317210 0.575771 1.494321 -0.148294 -2.977619 -5.848901 2.795356
0.772665 3.895527 1.534069 -0.050751 1.321556 -0.638395 -2.435176 -11.863532 2.073042
0.005318 3.849466 3.849444 0.207042 -0.874748 -0.922094 -5.575309 5.032149 -1.621195
0.829188 3.883443 3.100115 2.646420 0.790226 0.297456 -21.392629 0.270522 0.645367
0.013703 3.849138 5.428046 0.634138 -0.901904 0.710272 -5.314348 3.412004 4.137289
0.766312 3.873125 4.636443 -0.346623 0.297195 -0.259244 1.256207 3.458469 -2.452543
0.024977 5.429596 0.806059 1.178718 0.797237 1.591975 -8.340495 5.517119 -6.094504
0.775107 4.635520 0.790141 0.051942 -0.293403 0.761179 -5.498458 -0.026360 -12.415566
0.766710 5.383700 6.793015 -0.314872 -1.483264 -0.388586 3.284027 7.691329 -3.478827
0.002883 4.632868 1.528193 0.050555 -0.429517 -0.936062 -10.729179 -1.173479 1.167286
0.771538 4.691621 2.323389 -0.082147 2.379836 0.103305 1.754315 -21.351627 -6.028523
0.754232 5.426509 1.561541 -0.882439 0.673014 0.704713 11.962073 9.056418 -2.847964
0.012897 5.412137 3.839483 0.578294 -0.042075 -1.388286 -8.021261 11.061392 2.954272
0.753582 4.675509 3.880620 -0.974595 1.601468 0.609227 1.952780 -17.175003 -5.541691
0.782217 5.426708 3.050220 0.415669 0.710862 -2.141249 -3.470265 14.026481 8.812915
0.805748 4.617891 5.418622 1.535813 -1.156534 0.259593 -12.049996 1.752227 6.342532
0.764233 5.433093 4.654377 -0.470237 0.978164 0.613763 -1.613382 5.407227 -6.743998
1.556330 3.857967 0.762552 0.465497 -0.454280 -0.514910 0.217534 4.496429 4.388148
2.294660 3.872546 6.799767 -1.254936 0.267860 -0.079259 6.659231 3.497047 -6.985580
1.499917 3.854162 2.318179 -2.241340 -0.583601 -0.149280 17.749605 13.582254 -5.031529
2.305056 3.880301 1.562374 -0.726204 0.637518 0.771061 7.108885 0.930032 0.789030
1.541779 3.863344 3.873773 -0.216052 -0.158402 0.300508 7.460154 8.260145 -0.530143
2.314293 3.909303 3.069226 -0.317722 2.000712 -1.190934 -0.771000 -12.265463 7.582894
1.533632 3.862008 5.405699 -0.596218 -0.281876 -0.392113 11.667172 -0.092851 5.360015
2.354274 3.861560 4.653261 1.581361 -0.329254 0.527357 -15.722784 -3.908416 -11.269790
1.547542 4.637839 6.785710 0.022056 -0.177713 -0.766996 -0.310385 -0.709779 -4.505717
1.555014 5.380174 0.782572 0.385059 -1.603310 0.441318 -1.966363 15.545409 -2.755368
2.321892 4.648706 0.789106 0.088963 0.358309 0.755264 3.664352 -2.199125 -4.197405
2.300279 5.409904 6.753349 -0.986879 -0.211235 -2.345791 3.913655 2.267616 -0.016052
1.515349 4.626929 1.510021 -1.499774 -0.699612 -1.725527 13.581074 2.908333 19.405236
1.565724 5.398493 2.313779 0.873658 -0.696628 -0.392665 -9.823530 14.104358 -8.067568
2.327886 4.667101 2.344211 0.323523 1.156925 1.088408 -5.585406 -20.660220 -14.170690
2.320224 5.413387 1.589357 -0.019486 0.003473 2.015737 -0.160108 7.363039 -15.488565
1.538973 4.667370 3.076410 -0.417629 1.208900 -0.850709 -2.167713 -14.516012 4.872855
1.515427 5.373597 3.856618 -1.531103 -1.910523 -0.531532 8.115860 19.262009 2.912852
2.306540 4.627268 3.869833 -0.662891 -0.693575 0.122799 5.676181 1.180053 1.839599
2.282805 5.399652 3.071201 -1.810385 -0.626872 -1.039511 12.150425 16.723696 16.717862
1.543364 4.649161 4.634124 -0.183617 0.345727 -0.355070 0.024754 -6.918391 0.709669
1.492204 5.414607 5.410800 -2.672478 0.054067 -0.123837 10.701069 6.991861 8.627817
2.327886 4.629229 5.384637 0.319042 -0.601919 -1.389841 -6.674211 -0.138682 13.709359
2.307322 5.416572 4.661109 -0.657875 0.157474 0.950540 0.691138 6.500446 -5.933706
3.105870 3.881626 0.754062 0.549960 0.649616 -0.871956 -5.816625 -7.351092 14.386733
3.125139 3.911603 2.344960 1.429927 2.109273 1.166825 -19.053290 -13.927505 -7.902367
3.119636 3.861161 3.871032 1.161546 -0.356738 0.150232 -17.266519 -4.854750 -2.453627
3.090438 3.850596 5.384875 -0.133022 -0.871512 -1.345708 8.007731 -3.073872 19.482280
3.100972 4.614431 6.799596 0.326180 -1.279219 -0.095942 -2.609938 9.364956 -8.313175
3.111536 5.429727 0.764597 0.838385 0.787569 -0.409896 -4.632393 2.232242 4.814386
3.090736 4.640076 1.547429 -0.186571 -0.059837 -0.013816 -2.695446 0.078558 -4.848217
3.067890 5.393595 2.325585 -1.250675 -0.920456 0.278560 9.837592 17.495715 4.491120
3.098713 4.642868 3.107200 0.214911 0.100357 0.674244 -2.151212 3.386894 3.078959
3.095813 5.392181 3.891323 -0.003755 -1.032872 1.132614 -13.612165 10.911984 -7.810510
3.114057 4.609364 4.661628 0.929707 -1.557924 0.976620 -9.868354 5.994129 -5.721106
3.082525 5.390923 5.429545 -0.595645 -1.106011 0.790139 -2.631280 10.294729 4.794559
6.795645 6.764583 0.012763 -0.224866 -1.778070 0.626614 0.004918 -0.007264 -0.522716
6.781291 6.770666 3.122038 -0.953247 -1.486493 1.377748 -0.560878 -0.936145 -2.372736
3.899935 6.778965 0.793502 1.580464 -1.110787 0.986024 -4.922419 -5.696061 -2.462190
3.843170 6.784164 2.351729 -1.178726 -0.831233 1.510278 7.009115 -2.775396 -7.121515
3.889026 6.790761 5.449447 1.039511 -0.505291 1.752047 -4.250694 -4.387496 0.204361
5.438126 6.783517 0.780622 1.201069 -0.854835 0.352256 2.238699 -2.410999 -0.840672
4.662462 6.778340 1.560520 1.019387 -1.131659 0.678041 -5.771941 -3.977234 0.370690
5.452412 6.787731 5.414442 1.872998 -0.619743 -0.013776 -2.261077 0.075479 -0.773926
6.749259 3.844370 0.765534 -2.560963 -1.131958 -0.409073 -0.788243 4.824074 -2.173685
6.798380 4.644633 0.009340 -0.143491 0.154984 0.435969 -6.953370 -2.193392 -2.305882
6.786371 5.395120 2.284639 -0.771698 -0.902245 -1.766127 -11.353660 9.196581 4.863576
6.785915 4.656428 3.086230 -0.750511 0.721685 -0.388125 -3.752071 -5.119920 0.789063
6.781162 4.636644 4.632172 -0.998420 -0.256143 -0.457518 -5.141943 -3.756992 -0.721510
6.789201 5.396842 5.385469 -0.569172 -0.867819 -1.410578 -3.272944 2.704297 6.489183
3.881609 3.886713 6.789805 0.684276 0.892821 -0.594755 -2.370159 -9.134141 -9.501815
3.854649 3.860134 1.586291 -0.593398 -0.365958 1.884437 8.344160 1.630302 -11.628090
3.841344 3.852355 3.090602 -1.248830 -0.762183 -0.158420 10.010809 -0.089710 3.116010
3.882491 3.833216 4.643195 0.743375 -1.648233 0.138054 -0.377192 11.005816 6.048209
3.868558 4.598511 0.793149 0.036480 -2.024064 0.997105 -1.420492 17.217255 1.724823
3.867128 5.450784 0.014206 -0.057410 1.817734 0.629870 -5.095324 0.226424 -10.724397
3.825625 4.667121 2.299455 -1.975310 1.241687 -0.999938 19.044750 -6.888922 9.130683
3.884775 5.420117 1.582132 0.817731 0.352858 1.673963 -5.644726 9.702198 -12.300029
3.810289 4.630001 3.903190 -2.702205 -0.577983 1.703850 25.915237 -1.868171 -11.600582
3.873128 5.408423 3.108730 0.245656 -0.249850 0.736511 -4.131035 6.225262 0.950515
3.842526 4.673516 5.427830 -1.197247 1.515102 0.715611 8.701425 -14.152138 6.064593
3.825899 5.407659 4.623236 -2.003159 -0.263299 -0.859971 12.905054 10.404685 7.158195
4.624686 3.882419 0.760149 -0.766757 0.697776 -0.595134 9.936377 -6.478563 9.669780
5.404824 3.862702 6.785315 -0.453412 -0.223468 -0.763641 3.750203 3.226794 -2.302696
4.651024 3.830960 2.315714 0.449767 -1.760457 -0.258728 -4.979142 10.761411 -2.322866
5.432476 3.888579 1.531457 0.931755 1.004105 -0.777913 3.405761 -6.073614 0.479417
4.627129 3.887053 3.887266 -0.684764 0.936900 0.902840 3.270229 -5.019884 -11.410635
5.456050 3.886159 3.094188 2.089417 0.889668 0.045664 0.609351 -5.818257 6.682944
4.668286 3.870447 5.452030 1.276365 0.182349 1.909576 -10.888489 6.347665 3.210174
5.429474 3.867401 4.630724 0.811698 -0.018216 -0.517043 7.535958 -0.878544 1.432699
4.619777 4.642399 6.797138 -1.037087 0.086841 -0.205960 5.458719 4.790050 -6.055347
4.603723 5.440308 0.745985 -1.829184 1.323614 -1.297442 7.346388 3.111160 11.416643
5.434556 4.673234 0.797431 1.037802 1.571543 1.132997 3.841775 -3.715097 -9.663961
5.410153 5.433398 0.001363 -0.213329 0.949356 0.047293 0.919311 1.010035 -1.813110
4.664920 4.659492 1.537486 1.119730 0.868542 -0.432404 -9.120908 -5.901006 6.483167
4.623008 5.428837 2.338426 -0.877510 0.747355 0.889878 5.248792 2.973035 -0.037302
5.426986 4.608298 2.346858 0.656572 -1.600059 1.270979 3.121896 7.512367 -6.927384
5.427642 5.403582 1.575046 0.683559 -0.485275 1.409081 3.708246 8.416896 1.974471
4.597072 4.602688 3.066177 -2.174422 -1.906272 -1.349214 5.221849 3.614031 6.181346
4.651161 5.384662 3.866112 0.434419 -1.444745 -0.075638 -8.834623 5.388843 0.177937
5.449709 4.676115 3.877248 1.805162 1.662534 0.445640 5.602033 -11.759184 -4.627796
5.399689 5.407726 3.092024 -0.705335 -0.307657 -0.120311 4.641226 3.997017 -2.384748
4.665847 4.623846 4.638957 1.144398 -0.869846 -0.106651 -11.627873 0.445421 1.605127
4.631683 5.390601 5.386440 -0.488648 -1.130764 -1.356116 -1.349296 8.761542 6.172219
5.424948 4.646211 5.408293 0.577063 0.237609 -0.267672 7.219969 -1.456503 5.457332
5.408404 5.414301 4.635562 -0.248205 0.056294 -0.272826 7.473756 9.128563 1.974850
