6.799578 6.796472 0.001295 -0.210981 -1.764144 0.647528 -4.661606 -4.661606 -4.661606
6.799131 0.772491 0.774804 -0.434265 -0.518824 0.637530 -9.323113 0.000139 0.000139
0.775927 6.798993 0.773860 1.198812 -0.503650 0.165274 0.000139 -9.323113 0.000139
0.776432 0.772366 0.002421 1.451362 -0.581286 1.210551 0.000139 0.000139 -9.323113
6.798450 0.000518 1.547694 -0.775228 0.258759 0.317586 -6.992360 -6.992360 -0.000093
0.000727 0.774565 2.319524 0.363428 0.518029 -0.532103 -9.323113 0.000139 0.000139
0.774592 6.797686 2.321719 0.531256 -1.156964 0.565295 0.000139 -9.323113 0.000139
0.772987 0.775438 1.548283 -0.270871 0.954510 0.611855 0.000185 0.000185 -0.000185
6.798165 6.797104 3.096931 -0.917336 -1.448011 1.406486 -6.992360 -6.992360 -0.000093
6.798831 0.774683 3.866726 -0.584731 0.577139 -0.460485 -9.323163 0.000139 0.000000
0.775873 6.798947 3.869286 1.171878 -0.526408 0.819443 0.000139 -9.323163 0.000000
0.772663 0.773422 3.094640 -0.433249 -0.053281 0.260766 0.000185 0.000185 -0.000185
0.000223 0.000484 4.643733 0.111521 0.242063 1.278424 -6.992360 -6.992360 0.000093
6.799007 0.774909 5.413543 -0.496374 0.690027 -0.581540 -6.992310 0.000093 6.992221
0.771752 0.001398 5.413403 -0.888714 0.698778 -0.651394 0.000093 -6.992310 6.992221
0.774634 0.777735 4.641956 0.552470 2.102880 0.389883 0.000185 0.000185 0.000185
0.000109 1.548225 6.797780 0.054294 0.583229 -1.110124 -6.992360 -0.000093 -6.992360
0.004323 2.321067 0.768537 2.161501 0.239317 -2.495988 -9.323113 0.000139 0.000139
0.774946 1.544806 0.771900 0.708325 -1.126723 -0.814312 0.000185 -0.000185 0.000185
0.773570 2.321911 0.002137 0.020542 0.661736 1.068555 0.000139 0.000139 -9.323113
6.798648 1.548007 1.547644 -0.676101 0.473987 0.292748 -9.323113 -0.000139 -0.000139
0.000646 2.320033 2.322472 0.322931 -0.277726 0.941884 -9.323113 0.000139 0.000139
0.771633 1.548850 2.319851 -0.947910 0.895400 -0.368637 0.000185 -0.000185 0.000185
0.777308 2.319746 1.546043 1.889745 -0.421033 -0.508016 0.000185 0.000185 -0.000185
0.001181 1.548212 3.091645 0.590630 0.576384 -1.236375 -9.323113 -0.000139 -0.000139
0.001700 2.317698 3.867464 0.850092 -1.444854 -0.091496 -9.323163 0.000139 0.000000
0.775402 1.547979 3.870934 0.936739 0.459942 1.643349 0.000185 -0.000185 0.000000
0.770741 2.323095 3.093353 -1.394188 1.253433 -0.382256 0.000185 0.000185 -0.000185
0.002630 1.549364 4.644295 1.314788 1.152551 1.559653 -9.323113 -0.000139 0.000139
6.799254 2.320517 5.414466 -0.373001 -0.035685 -0.119797 -6.992310 0.000093 6.992221
0.776601 1.545957 5.416093 1.536154 -0.550975 0.693294 0.000139 -0.000139 9.322928
0.774765 2.319108 4.642709 0.617846 -0.740161 0.766290 0.000185 0.000185 0.000185
0.001108 3.094034 6.797531 0.553788 -0.041772 -1.234622 -6.992360 -0.000093 -6.992360
0.776902 3.095393 0.772035 1.686364 0.637344 -0.746917 0.000185 -0.000185 0.000185
0.002803 3.096328 1.544504 1.401560 1.105048 -1.277646 -9.323113 -0.000139 -0.000139
0.775286 3.093832 2.318125 0.878735 -0.142852 -1.231384 0.000185 -0.000185 0.000185
6.797099 3.091944 3.093114 -1.450527 -1.086972 -0.501838 -9.323113 -0.000139 -0.000139
0.775724 3.096321 3.866489 1.097404 1.101292 -0.579036 0.000185 -0.000185 0.000000
0.002993 3.095008 4.640684 1.496515 0.444808 -0.246150 -9.323113 -0.000139 0.000139
0.776347 3.096075 5.416990 1.408994 0.978382 1.141898 0.000139 -0.000139 9.322928
1.547158 0.000971 6.798705 0.049475 0.485528 -0.647300 -0.000093 -6.992360 -6.992360
1.548090 0.770542 0.773595 0.515683 -1.493516 0.032859 -0.000185 0.000185 0.000185
2.321877 6.798811 0.773916 0.644268 -0.594704 0.193422 0.000139 -9.323113 0.000139
2.319672 0.770871 6.798928 -0.458151 -1.328807 -0.536006 0.000139 0.000139 -9.323113
1.546139 0.002915 1.545653 -0.459774 1.457380 -0.703109 -0.000139 -9.323113 -0.000139
1.547884 0.774168 2.317963 0.412586 0.319732 -1.312421 -0.000185 0.000185 0.000185
2.323936 6.799263 2.323201 1.674034 -0.368488 1.306667 0.000139 -9.323113 0.000139
2.319308 0.772101 1.544221 -0.640112 -0.713830 -1.419099 0.000185 0.000185 -0.000185
1.542823 6.799703 3.092405 -2.118079 -0.148441 -0.856500 -0.000139 -9.323113 -0.000139
1.543949 0.772047 3.867202 -1.554959 -0.740908 -0.222504 -0.000185 0.000185 0.000000
2.322001 0.001962 3.868653 0.706613 0.980949 0.503224 0.000139 -9.323163 0.000000
2.323854 0.767848 3.095360 1.633195 -2.840667 0.621049 0.000185 0.000185 -0.000185
1.545370 6.799206 4.641624 -0.844567 -0.397225 0.224237 -0.000139 -9.323113 0.000139
1.546668 0.772389 5.414870 -0.195347 -0.569901 0.081874 -0.000139 0.000139 9.322928
2.318856 6.799922 5.412494 -0.865939 -0.038850 -1.105765 0.000093 -6.992310 6.992221
2.323801 0.774118 4.641667 1.606330 0.294643 0.245266 0.000185 0.000185 0.000185
1.547456 1.548071 6.799390 0.198620 0.506064 -0.304866 -0.000139 -0.000139 -9.323113
1.547407 2.319838 0.774092 0.174085 -0.375118 0.281277 -0.000185 0.000185 0.000185
2.321369 1.547311 0.775488 0.390357 0.125961 0.979564 0.000185 -0.000185 0.000185
2.323154 2.318912 0.000435 1.283247 -0.837956 0.217342 0.000139 0.000139 -9.323113
1.544934 1.547802 1.546033 -1.062514 0.371531 -0.512915 -0.000185 -0.000185 -0.000185
1.549857 2.319719 2.316852 1.399038 -0.434251 -1.867917 -0.000185 0.000185 0.000185
2.319284 1.548582 2.319914 -0.651846 0.761578 -0.337103 0.000185 -0.000185 0.000185
2.323124 2.317824 1.544070 1.268029 -1.382077 -1.494258 0.000185 0.000185 -0.000185
1.547585 1.547172 3.096012 0.262844 0.056642 0.946835 -0.000185 -0.000185 -0.000185
1.542994 2.321453 3.866927 -2.032262 0.432705 -0.359867 -0.000185 0.000185 0.000000
2.322166 1.545245 3.869445 0.788881 -0.907000 0.898883 0.000185 -0.000185 0.000000
2.319324 2.319012 3.089965 -0.632018 -0.787952 -2.076642 0.000185 0.000185 -0.000185
1.546402 1.548975 4.642492 -0.328480 0.958055 0.658000 -0.000185 -0.000185 0.000185
1.544780 2.321398 5.417253 -1.139602 0.405147 1.273583 -0.000139 0.000139 9.322928
2.319562 1.544668 5.418190 -0.513159 -1.195520 1.741792 0.000139 -0.000139 9.322928
2.318408 2.319691 4.643449 -1.089832 -0.448605 1.136501 0.000185 0.000185 0.000185
1.548125 3.096614 6.799102 0.532806 1.247940 -0.449135 -0.000139 -0.000139 -9.323113
2.321734 3.092864 0.773933 0.573119 -0.627144 0.201853 0.000185 -0.000185 0.000185
1.548927 3.096807 1.547822 0.934096 1.344679 0.381284 -0.000185 -0.000185 -0.000185
2.323595 3.095349 2.321784 1.503352 0.615488 0.597964 0.000185 -0.000185 0.000185
1.548881 3.094987 3.092513 0.911061 0.434308 -0.802613 -0.000185 -0.000185 -0.000185
2.318758 3.092572 3.869676 -0.914826 -0.773226 1.014722 0.000185 -0.000185 0.000000
1.543961 3.095426 4.638522 -1.549171 0.653768 -1.327060 -0.000185 -0.000185 0.000185
2.320383 3.092261 5.415654 -0.102631 -0.928288 0.473940 0.000139 -0.000139 9.322928
3.092626 6.799655 0.004415 -0.745824 -0.172396 2.207665 -0.000093 -6.992360 -6.992360
3.090674 0.771193 0.773478 -1.722019 -1.167876 -0.025442 -0.000185 0.000185 0.000185
3.094908 0.000454 1.545253 0.395171 0.226901 -0.902810 -0.000139 -9.323113 -0.000139
3.092611 0.775350 2.324312 -0.753495 0.910279 1.862007 -0.000185 0.000185 0.000185
3.093317 0.000832 3.091919 -0.400256 0.416125 -1.099624 -0.000139 -9.323113 -0.000139
3.098416 0.775844 3.864878 2.149056 1.157489 -1.384462 -0.000185 0.000185 0.000000
3.095213 0.000400 4.640103 0.547312 0.200010 -0.536736 -0.000139 -9.323113 0.000139
3.093575 0.775225 5.416725 -0.271489 0.848208 1.009409 -0.000139 0.000139 9.322928
3.095010 1.547255 0.003501 0.446030 0.098014 1.750703 -0.000139 -0.000139 -9.323113
3.096403 2.319707 0.773525 1.142331 -0.440481 -0.001956 -0.000185 0.000185 0.000185
3.096705 1.548024 1.546525 1.293280 0.482326 -0.266848 -0.000185 -0.000185 -0.000185
3.088599 2.324508 2.319965 -2.759683 1.959828 -0.311336 -0.000185 0.000185 0.000185
3.093785 1.545457 3.095387 -0.166396 -0.800814 0.634441 -0.000185 -0.000185 -0.000185
3.093843 2.322058 3.866594 -0.137412 0.734791 -0.526415 -0.000185 0.000185 0.000000
3.093792 1.549099 4.642627 -0.162861 1.019931 0.725424 -0.000185 -0.000185 0.000185
3.093674 2.318420 5.416711 -0.221855 -1.083807 1.002355 -0.000139 0.000139 9.322928
3.092258 3.099407 0.001248 -0.930202 2.644749 0.623917 -0.000139 -0.000139 -9.323113
3.095009 3.094797 1.547782 0.445478 0.339389 0.361649 -0.000185 -0.000185 -0.000185
3.091952 3.091961 3.091233 -1.082911 -1.078416 -1.442697 -0.000185 -0.000185 -0.000185
3.094279 3.093045 4.640771 0.080603 -0.536576 -0.202541 -0.000185 -0.000185 0.000185
3.870911 6.797985 0.775525 1.632006 -1.007693 0.997869 0.000000 -9.323163 0.000139
3.863982 0.774249 0.001122 -1.832575 0.359931 0.561070 0.000000 0.000139 -9.323163
3.865156 6.798486 2.323748 -1.245365 -0.757111 1.579917 0.000000 -9.323163 0.000139
3.866836 0.773040 1.547869 -0.405411 -0.244729 0.404898 -0.000000 0.000185 -0.000185
3.864082 0.004011 3.864880 -1.782679 2.005365 -1.383663 0.000000 -9.323212 0.000000
3.870462 0.777440 3.093374 1.407440 1.955595 -0.372238 -0.000000 0.000185 -0.000185
3.869814 6.799137 5.418147 1.083689 -0.431739 1.720475 -0.000000 -6.992360 6.992270
3.867973 0.772386 4.641534 0.163202 -0.571626 0.178772 0.000000 0.000185 0.000185
3.868322 1.548795 0.773419 0.337507 0.867937 -0.055158 -0.000000 -0.000185 0.000185
3.866140 2.319853 0.000447 -0.753327 -0.367692 0.223295 0.000000 0.000139 -9.323163
3.866003 1.544484 2.324231 -0.822160 -1.287517 1.821544 -0.000000 -0.000185 0.000185
3.865796 2.323441 1.549409 -0.925489 1.426646 1.175100 -0.000000 0.000185 -0.000185
3.868420 1.545167 3.865184 0.386642 -0.945868 -1.231473 -0.000000 -0.000185 0.000000
3.869331 2.323064 3.092078 0.842009 1.237961 -1.019804 -0.000000 0.000185 -0.000185
3.868043 1.548237 5.410667 0.198079 0.589186 -2.019420 -0.000000 -0.000139 9.322977
3.866084 2.321201 4.643867 -0.781563 0.306729 1.345490 0.000000 0.000185 0.000185
3.871269 3.093013 0.774202 1.810769 -0.552537 0.336350 -0.000000 -0.000185 0.000185
3.864763 3.093831 2.320447 -1.441778 -0.143485 -0.070578 -0.000000 -0.000185 0.000185
3.866103 3.095278 3.868681 -0.771972 0.579824 0.516856 0.000000 -0.000185 0.000000
3.869928 3.091706 5.411228 1.140584 -1.206229 -1.738810 0.000000 -0.000139 9.322977
4.643048 0.000378 0.000607 0.936167 0.188954 0.303295 0.000093 -6.992360 -6.992360
4.638763 0.773558 0.776367 -1.206450 0.014374 1.419021 0.000185 0.000185 0.000185
5.416998 6.798401 0.774229 1.146161 -0.799320 0.349997 6.992221 -6.992310 0.000093
5.412714 0.776169 0.001273 -0.996089 1.319771 0.636416 6.992221 0.000093 -6.992310
4.643365 6.797913 1.548398 1.094533 -1.043265 0.669299 0.000139 -9.323113 -0.000139
4.640394 0.773701 2.321109 -0.390913 0.086095 0.260617 0.000185 0.000185 0.000185
5.416575 0.002065 2.317597 0.934538 1.032268 -1.495746 6.992221 -6.992310 0.000093
5.416100 0.773614 1.544208 0.696752 0.042529 -1.425535 9.322928 0.000139 -0.000139
4.643613 0.002875 3.093843 1.218377 1.437433 -0.137558 0.000139 -9.323113 -0.000139
4.643844 0.772630 3.866523 1.333751 -0.449524 -0.561987 0.000185 0.000185 0.000000
5.415557 0.003477 3.868548 0.425651 1.738436 0.450323 6.992270 -6.992360 0.000000
5.418036 0.772456 3.094899 1.665105 -0.536255 0.390552 9.322928 0.000139 -0.000139
4.637984 0.001143 4.634347 -1.596005 0.571473 -3.414268 0.000139 -9.323113 0.000139
4.638169 0.772981 5.414312 -1.503325 -0.274101 -0.196815 0.000139 0.000139 9.322928
5.418487 6.798785 5.414677 1.890613 -0.607490 -0.014540 4.661464 -4.661507 4.661464
5.414937 0.770112 4.638644 0.115287 -1.708266 -1.266051 9.322928 0.000139 0.000139
4.639369 1.548434 6.799891 -0.903448 0.687412 -0.054273 0.000139 -0.000139 -9.323113
4.641019 2.320802 0.775933 -0.078266 0.107110 1.201866 0.000185 0.000185 0.000185
5.414650 1.549980 0.774577 -0.027950 1.460667 0.524076 9.322928 -0.000139 0.000139
5.415936 2.316757 6.799316 0.614785 -1.915632 -0.342159 6.992221 0.000093 -6.992310
4.640797 1.547059 1.543068 -0.189612 -0.000014 -1.995398 0.000185 -0.000185 -0.000185
4.644968 2.319597 2.322833 1.895754 -0.495380 1.122459 0.000185 0.000185 0.000185
5.412322 1.545548 2.323132 -1.192181 -0.755489 1.272135 9.322928 -0.000139 0.000139
5.414236 2.319638 1.547791 -0.235030 -0.474828 0.366028 9.322928 0.000139 -0.000139
4.638732 1.546427 3.090681 -1.222132 -0.315751 -1.718714 0.000185 -0.000185 -0.000185
4.642738 2.321701 3.868427 0.780754 0.556636 0.389760 0.000185 0.000185 0.000000
5.412229 1.548259 3.869707 -1.238740 0.600156 1.029938 9.322977 -0.000139 0.000000
5.413185 2.318669 3.092506 -0.760548 -0.959401 -0.806220 9.322928 0.000139 -0.000139
4.642719 1.548262 4.640171 0.771575 0.601476 -0.502668 0.000185 -0.000185 0.000185
4.641576 2.318242 5.414785 0.199995 -1.172802 0.039381 0.000139 0.000139 9.322928
5.412916 1.545798 5.415706 -0.895187 -0.630636 0.499806 6.992171 -0.000093 6.992171
5.414877 2.320289 4.640003 0.085483 -0.149384 -0.586745 9.322928 0.000139 0.000139
4.640901 3.093525 0.000926 -0.137705 -0.296529 0.462804 0.000139 -0.000139 -9.323113
5.414452 3.093739 0.772226 -0.126801 -0.189637 -0.651473 9.322928 -0.000139 0.000139
4.641366 3.091414 1.548122 0.094832 -1.352181 0.531576 0.000185 -0.000185 -0.000185
5.415238 3.094558 2.319719 0.265823 0.220041 -0.434369 9.322928 -0.000139 0.000139
4.641496 3.092705 3.090466 0.160037 -0.706310 -1.826226 0.000185 -0.000185 -0.000185
5.414126 3.095913 3.866035 -0.289990 0.897635 -0.806099 9.322977 -0.000139 0.000000
4.643213 3.094524 4.644205 1.018527 0.202753 1.514364 0.000185 -0.000185 0.000185
5.410450 3.095025 5.418016 -2.128091 0.453741 1.655242 6.992171 -0.000093 6.992171
6.794978 3.865288 0.772721 -2.511124 -1.179298 -0.404037 -9.323163 0.000000 0.000139
0.774174 3.869815 6.799917 0.322269 1.083948 -0.041468 0.000139 0.000000 -9.323163
0.001302 3.870758 2.320228 0.650854 1.555405 -0.179813 -9.323163 0.000000 0.000139
0.773430 3.870501 1.545750 -0.049623 1.427132 -0.654307 0.000185 -0.000000 -0.000185
0.000620 3.865795 3.865838 0.309927 -0.926249 -0.904492 -9.323212 0.000000 0.000000
0.779210 3.869228 3.094725 2.840679 0.790521 0.303654 0.000185 -0.000000 -0.000185
0.001441 3.865772 5.415977 0.720282 -0.937442 0.635734 -6.992360 -0.000000 6.992270
0.772775 3.868175 4.640743 -0.376762 0.263821 -0.216458 0.000185 0.000000 0.000185
6.799920 4.641551 0.000986 -0.040097 0.187357 0.493114 -6.992360 0.000093 -6.992360
0.002586 5.416122 0.776802 1.293101 0.708203 1.636283 -6.992310 6.992221 0.000093
0.773692 4.640642 0.775234 0.081459 -0.267034 0.852308 0.000185 0.000185 0.000185
0.772809 5.411519 6.799362 -0.359891 -1.593657 -0.319247 0.000093 6.992221 -6.992310
0.000412 4.640373 1.545164 0.205827 -0.401306 -0.947408 -9.323113 0.000139 -0.000139
6.798742 5.412652 2.316963 -0.629146 -1.026807 -1.812305 -6.992310 6.992221 0.000093
0.773296 4.646372 2.320901 -0.116705 2.597767 0.156427 0.000185 0.000185 0.000185
0.771507 5.415773 1.548526 -1.011112 0.533476 0.733418 0.000139 9.322928 -0.000139
6.798668 4.642758 3.093322 -0.665882 0.790820 -0.398072 -9.323113 0.000139 -0.000139
0.001372 5.414348 3.864811 0.686202 -0.179202 -1.417943 -6.992360 6.992270 0.000000
0.771490 4.644734 3.868985 -1.019427 1.779244 0.669108 0.000185 0.000185 0.000000
0.774401 5.415770 3.089680 0.436007 0.532241 -2.219023 0.000139 9.322928 -0.000139
6.798204 4.640765 4.640295 -0.897876 -0.205326 -0.440488 -9.323113 0.000139 0.000139
6.798955 5.412888 5.411726 -0.522390 -0.909098 -1.490131 -4.661507 4.661464 4.661464
0.776810 4.638853 5.415003 1.640309 -1.161469 0.148267 0.000139 0.000139 9.322928
0.772590 5.416453 4.642552 -0.469456 0.873642 0.687979 0.000139 9.322928 0.000139
1.547985 3.866652 0.772381 0.463228 -0.497523 -0.573868 -0.000185 -0.000000 0.000185
2.317957 3.868118 0.000073 -1.315696 0.235327 0.036532 0.000139 0.000000 -9.323163
1.542234 3.866211 2.320371 -2.412443 -0.717800 -0.108283 -0.000185 -0.000000 0.000185
2.318984 3.868910 1.548585 -0.802170 0.631724 0.763015 0.000185 -0.000000 -0.000185
1.546487 3.867162 3.868267 -0.285856 -0.242490 0.309767 -0.000185 -0.000000 0.000000
2.319959 3.871895 3.091573 -0.314286 2.123854 -1.272324 0.000185 -0.000000 -0.000185
1.545647 3.867083 5.413717 -0.705916 -0.281784 -0.494671 -0.000139 -0.000000 9.322977
2.324056 3.867060 4.642474 1.733849 -0.293328 0.649125 0.000185 0.000000 0.000185
1.547109 4.640869 6.798655 0.025101 -0.153662 -0.672660 -0.000139 0.000139 -9.323113
1.547866 5.411103 0.774427 0.403652 -1.801687 0.448808 -0.000139 9.322928 0.000139
2.320696 4.641962 0.775094 0.053952 0.392942 0.782338 0.000185 0.000185 0.000185
2.318526 5.414180 6.795365 -1.030831 -0.263241 -2.317352 0.000093 6.992221 -6.992310
1.543808 4.639757 1.543234 -1.625645 -0.709313 -1.912620 -0.000185 0.000185 -0.000185
1.548978 5.412945 2.319956 0.959482 -0.880721 -0.315782 -0.000139 9.322928 0.000139
2.321364 4.643919 2.323040 0.387848 1.371321 1.225881 0.000185 0.000185 0.000185
2.320553 5.414477 1.551382 -0.017687 -0.114480 2.161471 0.000139 9.322928 -0.000139
1.546262 4.643910 3.092311 -0.398343 1.366956 -0.903491 -0.000185 0.000185 -0.000185
1.543850 5.410428 3.866524 -1.604724 -2.139057 -0.561385 -0.000139 9.322977 0.000000
2.319143 4.639802 3.867851 -0.722523 -0.687230 0.102106 0.000185 0.000185 0.000000
2.316735 5.413054 3.091727 -1.926682 -0.825900 -1.195573 0.000139 9.322928 -0.000139
1.546687 4.642046 4.640492 -0.185931 0.435021 -0.341889 -0.000185 0.000185 0.000185
1.541506 5.414622 5.414227 -2.776705 -0.042154 -0.239533 -0.000093 6.992171 6.992171
2.321364 4.639999 5.411556 0.388101 -0.588539 -1.574945 0.000139 0.000139 9.322928
2.319255 5.414799 4.643231 -0.666373 0.046708 1.027378 0.000139 9.322928 0.000139
3.095329 3.869094 0.771467 0.605718 0.723361 -1.030766 -0.000185 -0.000000 0.000185
3.097330 3.872126 2.323076 1.606013 2.239699 1.244044 -0.000185 -0.000000 0.000185
3.096777 3.867027 3.868007 1.329545 -0.309858 0.180177 -0.000185 0.000000 0.000000
3.093703 3.865958 5.411555 -0.207283 -0.844744 -1.575709 -0.000139 0.000000 9.322977
3.094819 4.638460 0.000064 0.350747 -1.358241 0.032084 -0.000139 0.000139 -9.323113
3.095895 5.416140 0.772587 0.888533 0.717022 -0.471073 -0.000139 9.322928 0.000139
3.093794 4.641089 1.547126 -0.161892 -0.043665 0.033305 -0.000185 0.000185 -0.000185
3.091438 5.412438 2.321062 -1.339878 -1.134179 0.236791 -0.000139 9.322928 0.000139
3.094592 4.641349 3.095407 0.236762 0.086516 0.644421 -0.000185 0.000185 -0.000185
3.094368 5.412334 3.870062 0.125243 -1.185779 1.207624 -0.000139 9.322977 0.000000
3.096176 4.637979 4.643289 1.028827 -1.598531 1.056529 -0.000185 0.000185 0.000185
3.092970 5.412229 5.416122 -0.573785 -1.238391 0.708231 -0.000093 6.992171 6.992171
3.869058 3.869612 6.799093 0.705251 0.982428 -0.453297 0.000000 0.000000 -9.323212
3.866292 3.866887 1.551057 -0.677563 -0.379982 1.998950 0.000000 -0.000000 -0.000185
3.864954 3.866111 3.093754 -1.346274 -0.768139 -0.182035 0.000000 -0.000000 -0.000185
3.869129 3.864131 4.641357 0.741168 -1.757854 0.090595 -0.000000 -0.000000 0.000185
3.867748 4.636820 0.775460 0.050430 -2.177776 0.965261 0.000000 0.000185 0.000185
3.867624 5.418283 0.001512 -0.011386 1.788686 0.755886 -0.000000 6.992270 -6.992360
3.863325 4.643851 2.318424 -2.161177 1.337309 -1.082226 0.000000 0.000185 0.000185
3.869398 5.415140 1.550643 0.875569 0.217045 1.791965 -0.000000 9.322977 -0.000139
3.861758 4.640096 3.871270 -2.944673 -0.540117 1.811628 0.000000 0.000185 0.000000
3.868223 5.413983 3.095574 0.288116 -0.361418 0.727948 -0.000000 9.322977 -0.000139
3.865077 4.644527 5.415933 -1.284789 1.675455 0.613549 0.000000 0.000139 9.322977
3.863391 5.413885 4.639368 -2.127821 -0.410660 -0.904237 0.000000 9.322977 0.000139
4.639491 3.869162 0.772098 -0.842327 0.757552 -0.715381 0.000185 0.000000 0.000185
5.413658 3.867127 6.798578 -0.524235 -0.260138 -0.710844 6.992270 -0.000000 -6.992360
4.642224 3.863903 2.320114 0.524042 -1.872147 -0.237039 0.000185 0.000000 0.000185
5.416411 3.869784 1.545497 0.852519 1.068281 -0.781026 9.322977 -0.000000 -0.000139
4.639769 3.869620 3.869688 -0.703322 0.986354 1.020476 0.000185 0.000000 0.000000
5.418792 3.869532 3.094085 2.042930 0.942324 -0.016614 9.322977 -0.000000 -0.000139
4.643979 3.867888 5.418365 1.401684 0.120420 1.829345 0.000139 0.000000 9.322977
5.416079 3.867629 4.640140 0.686368 -0.009228 -0.518174 9.322977 0.000000 0.000139
4.639017 4.641289 6.799808 -1.079609 0.056464 -0.095772 0.000139 0.000139 -9.323113
4.637402 5.417190 0.770683 -1.886889 1.241896 -1.423150 0.000139 9.322928 0.000139
5.416616 4.644429 0.775968 0.955181 1.626438 1.219712 9.322928 0.000139 0.000139
5.414230 5.416554 0.000164 -0.238241 0.923862 0.082225 4.661464 4.661464 -4.661507
4.643635 4.643074 1.546053 1.229469 0.948921 -0.502970 0.000185 0.000185 -0.000185
4.639343 5.416048 2.322375 -0.916655 0.671237 0.893731 0.000139 9.322928 0.000139
5.415861 4.637861 2.323253 0.577510 -1.657562 1.332664 9.322928 0.000139 0.000139
5.415948 5.413505 1.549852 0.620801 -0.600452 1.396595 6.992171 6.992171 -0.000093
4.636751 4.637327 3.091269 -2.212605 -1.924479 -1.424280 0.000185 0.000185 -0.000185
4.642253 5.411614 3.867493 0.538748 -1.545929 -0.077196 0.000139 9.322977 0.000000
5.418126 4.644768 3.868645 1.709918 1.796089 0.499048 9.322977 0.000139 0.000000
5.413141 5.413948 3.093923 -0.782554 -0.378759 -0.097274 6.992171 6.992171 -0.000093
4.643754 4.639464 4.640968 1.288781 -0.856180 -0.104208 0.000185 0.000185 0.000185
4.640254 5.412201 5.411802 -0.461187 -1.252388 -1.451940 0.000093 6.992171 6.992171
5.415644 4.641706 5.413991 0.469230 0.265014 -0.357505 6.992171 0.000093 6.992171
5.413988 5.414570 4.640620 -0.358947 -0.068146 -0.277764 6.992171 6.992171 0.000093
