6.770437 6.798014 6.429219 1.106145 -0.424776 0.354458 -3.370418 -3.494554 14.739039
6.052280 0.267016 0.538656 -1.316603 1.172348 0.119534 5.302388 -4.227133 8.312780
0.654267 6.404608 0.692580 0.240203 0.558290 -0.407174 -0.912850 0.518286 -0.560703
0.889784 0.523351 6.390442 -0.285087 -0.422675 -1.003667 -4.531867 -6.926900 -9.277458
6.542388 6.619281 1.479750 0.582724 0.138549 0.127678 -3.668110 -4.026148 0.091357
6.394283 0.763496 2.363624 0.191719 0.012601 -0.223766 26.047871 -10.124803 -23.038173
0.738869 6.463136 2.448897 0.049841 -0.623476 -0.376247 23.055820 13.966097 -5.953212
0.486423 0.583419 1.687725 0.059704 0.663738 -2.077407 0.942162 -6.171076 7.448011
6.715022 6.747000 3.118613 -0.479481 0.064519 -0.719310 -9.893893 1.834056 7.148590
6.564365 0.666749 4.022233 -1.210656 -0.575914 -1.015174 -8.118184 -13.412976 14.226360
0.615949 6.357566 3.984694 0.863304 0.196543 -0.134191 -2.628013 24.247808 15.872611
0.675978 0.649044 2.933587 1.338624 1.173450 -1.462318 2.012034 -11.192794 12.100444
6.585746 6.622776 4.795302 1.137770 0.560252 -0.273466 -0.742148 -5.163373 -9.864634
6.551722 0.572652 5.580429 -0.011489 -0.460862 -0.156554 -3.886594 -22.912242 -8.249406
0.583340 6.542541 5.530836 -0.523749 0.248137 -0.402717 3.769948 4.130087 -4.719564
0.628985 0.531196 4.590204 -0.307328 -0.029658 0.584564 -8.059707 -6.983213 8.787321
6.510921 1.130627 6.442456 -0.003413 -0.533847 0.389002 -3.490349 -26.420994 42.559123
6.598868 2.340642 0.762144 -0.097929 2.340176 -0.167867 26.899585 -19.036186 -35.758740
0.305223 0.809231 0.627997 0.455645 0.484865 0.597712 1.660154 -2.278781 -6.478082
0.510139 1.970578 6.668321 -0.098197 -0.718261 -1.463017 -4.671311 -2.603533 2.767313
6.548670 1.347709 1.409361 -0.090695 -0.716473 -0.035880 3.619813 3.945567 10.754503
6.231021 2.321291 2.609217 0.128215 -0.738064 -0.200288 15.548230 -11.667316 8.267646
0.481476 1.503543 2.411585 -0.383833 1.367954 -0.856139 -8.102529 14.683096 -15.154305
0.575910 2.244569 1.535380 -0.494120 0.307251 1.792932 5.279667 -9.431401 -1.262841
6.500445 1.317292 3.272231 1.119435 -0.078501 0.083579 14.239040 33.765588 -11.321448
6.176436 2.296039 4.011930 0.018154 -0.910096 0.388958 17.991642 7.412284 -0.156768
0.448929 1.616786 4.183264 -0.260730 -0.015417 -0.361228 1.168520 0.518677 -1.510310
0.500143 2.345625 3.188758 0.650135 -0.667842 -0.802175 -7.661784 -17.658138 -11.323183
6.442141 1.383647 4.996005 -0.366456 0.155774 0.810952 -2.385656 18.805803 -15.991357
6.479270 2.017111 6.041111 0.161008 0.457165 0.211208 15.235698 27.731859 -54.875913
0.471605 1.296228 5.774093 0.480209 -0.278844 -1.182194 9.347333 12.301902 -6.366194
0.854834 2.131916 5.222758 -0.287423 -1.462791 -0.655435 -2.756954 2.594689 -2.267579
6.511481 3.155110 6.544377 0.881455 -1.076927 -0.655417 6.545090 -28.747918 11.530869
6.474571 4.018966 0.394698 0.266195 0.759115 0.895517 -7.478800 8.285396 -0.905174
0.573014 3.144887 0.498703 1.513296 0.944743 0.447786 1.102305 -9.351363 -6.195982
0.767151 4.318115 0.147256 -0.966344 0.052919 1.130399 11.488833 -18.241811 -9.766410
6.514792 2.875013 1.600368 0.180240 -0.673166 0.545389 -2.236209 22.226457 26.071991
6.120700 3.815744 2.463770 -1.101438 0.323269 -0.623048 -3.898064 1.803978 -5.184503
0.737726 3.085074 2.173756 -0.247626 -0.971430 0.642394 -3.405529 3.494158 8.473288
0.442566 4.010749 1.064390 -0.128841 1.933470 -0.798193 9.071024 0.757097 23.887041
6.269895 3.222603 3.344768 0.025295 -0.404565 -1.349126 -0.561797 -5.579810 0.066928
6.605968 4.030881 4.123031 -0.573206 0.195571 0.377725 -8.611635 -0.570972 -18.204812
0.355832 3.000055 3.973417 -0.206420 0.934402 -0.458337 -12.125511 0.072929 14.683075
0.213757 4.012725 3.058089 0.076434 0.949759 1.068708 -0.856345 -6.855892 -4.054800
6.436963 2.817016 5.004857 -0.383545 -0.110019 2.169955 6.512816 -13.495899 -4.300136
0.188902 3.995223 6.155367 1.312216 -0.024339 -1.651631 -3.296904 2.323100 -19.703170
0.400949 2.861417 5.822437 0.643005 0.772861 0.393095 0.397582 6.251978 -0.672651
0.259314 3.747838 4.966377 -0.127075 0.113543 -0.833037 29.112466 -14.723302 16.503039
6.750426 4.964713 6.615441 0.615593 0.063586 -0.207177 -19.191934 -1.766827 2.575652
6.433952 5.883764 0.328769 0.066821 -0.229691 0.552100 0.499662 32.659681 -20.609686
0.763108 5.281505 0.385077 0.908933 -1.194887 0.936713 -15.609866 23.549677 38.927304
0.775374 5.974184 6.413817 1.211175 0.557721 -1.402996 -9.464133 -1.261548 -6.492900
6.558249 5.134631 0.945544 1.061245 -0.953440 0.130802 8.208199 -38.049127 9.664286
6.767700 5.855581 2.559060 0.944097 1.245508 0.657660 -28.618138 -15.165419 -10.575812
0.189722 4.524434 1.944886 -1.357807 -0.760717 -0.747496 -3.960198 6.618782 8.320910
0.453947 5.664371 1.575209 0.372012 -0.767377 -0.144250 -3.911811 4.368629 -4.041585
6.381730 4.965400 3.002086 0.473894 -0.009240 1.358818 4.508682 2.963792 -1.569128
6.608221 5.454443 4.053176 2.739416 -0.673605 -0.088738 2.520063 2.094353 1.617925
0.557267 4.679821 3.782058 0.484147 1.062274 -1.184488 9.737305 10.783031 6.250552
0.649935 5.634717 3.308825 0.162594 0.794315 -0.255345 10.884589 -17.474194 -15.518518
6.782766 4.769061 4.972671 0.470543 -0.208505 -2.644641 -10.326123 1.359600 -7.407136
6.468084 5.884484 5.974942 1.365407 1.313311 -2.105074 2.828472 -10.364571 -1.545120
0.587719 5.023050 5.809902 0.173291 0.505181 0.433470 7.359284 0.904418 -1.418786
0.654793 5.576141 4.753253 -0.323492 -0.536950 -0.658335 1.816555 1.344409 -0.306955
1.612377 6.549925 6.624004 0.014417 0.886579 -0.545396 9.313450 11.112898 5.495515
1.578227 0.257953 0.868567 0.688402 1.358787 1.179319 0.340394 0.521297 0.796220
2.894452 6.178652 0.395348 -0.516317 -0.847941 -0.351086 -1.777852 -9.161983 -5.869949
2.112556 0.796043 6.056529 -1.102678 0.314763 0.109204 7.010743 6.686487 10.086506
1.435119 6.259053 1.621006 -0.018567 -0.926340 0.389349 2.861664 7.817109 -4.119724
1.431188 0.891382 2.227870 0.738154 0.073459 0.306920 11.593942 -4.759745 10.763521
2.403952 6.597955 2.405243 0.302134 0.345946 0.260352 1.539104 1.027040 1.366014
2.463647 0.649658 1.582449 -0.204775 -0.274557 -0.985150 -14.391894 -6.605720 -10.241375
1.566735 6.617297 3.229760 0.845950 0.683150 0.563112 -12.814836 -2.827081 -6.070976
1.436069 0.716674 3.971751 -0.253809 -0.063861 -1.445224 -16.950455 10.692415 -34.932262
2.446999 6.713083 3.767232 -0.619128 1.375614 -1.130275 -3.538923 -6.449721 -9.944575
2.133764 0.755983 3.151430 0.801658 1.438944 0.383145 4.965425 6.873553 -6.169015
1.423296 6.379249 4.740306 0.309862 1.099047 0.017074 -18.565228 4.608377 -6.688235
1.293892 0.837806 5.323532 -0.860900 -0.740825 -0.022286 -12.370006 0.548502 22.121208
1.775215 6.755146 5.571756 -0.568392 -0.296374 -0.271926 3.135057 -4.068855 34.912383
2.036870 0.509268 4.711810 0.329878 0.140340 -0.571039 37.417538 -4.247857 12.213746
1.517702 1.093458 0.163671 -0.358093 0.639155 1.006921 -17.032385 -9.655769 12.284173
1.453882 2.254963 0.180456 0.109659 0.955137 0.187125 5.614758 11.060712 19.280628
2.327627 1.443827 0.602348 -0.151686 -0.198606 -0.893943 23.605164 9.570165 15.056837
2.351134 2.189711 6.438873 0.100712 -0.750922 1.059896 -4.901663 3.855484 3.308313
1.181094 1.291218 1.323700 0.686127 -0.426782 1.454892 1.150140 10.704653 -18.615143
1.537460 2.184528 2.317196 -0.804656 0.519695 1.355099 -11.318958 0.249162 -3.966200
2.410007 1.517901 2.302245 1.256923 0.199992 -0.306441 2.492884 -17.996553 20.334897
2.350659 2.185628 1.563329 0.109753 -0.787360 -0.133095 -1.985447 20.571696 -23.063764
1.248244 1.526202 3.161819 -0.933617 -1.279320 1.513666 8.897232 0.556217 7.126137
1.566775 2.338359 3.861064 -0.248884 0.400623 0.582680 -17.152132 9.608393 1.151365
2.361878 1.720788 4.033099 -0.964114 -0.417605 -0.812184 17.974921 -9.881697 -1.196336
2.305347 2.352759 3.071469 0.207341 -1.005251 0.076592 5.562923 3.155786 -1.004388
1.596428 1.607992 4.734496 -0.278320 0.795496 0.538111 5.685297 5.351134 -10.591301
1.481793 1.654463 6.121425 0.134203 0.348525 -0.065709 -9.072241 6.725376 -28.207556
2.562882 1.663015 5.348486 1.050869 1.204206 -0.592448 -29.285485 -14.129214 3.317430
2.957891 2.427411 4.711533 -0.233189 0.660833 0.893942 -5.991050 29.602548 -4.343026
1.488104 2.781315 5.967821 0.631754 -0.535758 0.209854 3.490168 1.222506 -1.440710
1.594941 3.660995 0.389504 0.546463 -0.688747 -0.705038 -15.447089 -15.451450 0.233394
2.336143 2.943693 0.667277 -0.223546 -0.105631 0.477631 -7.342243 -5.532563 6.345025
2.122464 3.972518 6.321656 1.398761 0.419844 -0.521017 20.493805 -27.885613 21.529084
1.387174 2.997498 1.320301 -0.564068 -0.040389 0.403916 4.485461 -1.042883 -4.823867
1.145048 4.103450 2.475684 -1.315063 0.790113 0.191659 -0.201896 -2.624370 -5.005466
1.843570 3.244676 2.346074 -0.543788 0.980936 -0.007926 -1.654935 0.381190 -4.618374
2.164447 3.848175 1.282584 0.756593 1.125790 0.169642 4.034884 -3.228664 17.467480
1.153469 3.150720 3.239247 -0.512846 -1.030859 -0.139627 10.500560 9.555103 -8.270727
1.047089 3.758680 4.117458 -0.812884 -0.171288 1.071321 8.081932 11.447803 4.640596
2.271945 3.284307 3.971221 0.447419 -0.520603 -1.234516 -11.004600 -19.972199 1.606110
1.949019 4.024989 3.322185 -0.667070 0.096557 0.053716 -35.430804 12.739991 -0.415780
1.528021 3.007040 4.754369 -0.310722 0.166711 -0.577836 0.576402 -1.758740 6.033913
1.354752 4.164493 5.705550 -0.621338 -0.435393 0.993746 -19.434754 6.933379 -15.097869
2.528639 3.185553 5.509768 0.278601 0.917675 -0.800759 -8.311380 -7.889902 -2.812448
2.296315 3.976621 4.728259 -1.111167 0.184041 1.251874 1.003798 12.737396 11.572318
1.493953 5.063515 6.534735 -0.045560 1.850842 -0.636928 -9.886765 -14.420578 -8.990070
1.654860 5.820586 0.634924 2.086883 0.708455 0.730324 0.520070 1.678707 -3.029560
2.096358 4.547600 0.509979 0.328473 -0.653185 0.297462 6.272592 20.095138 -2.286254
2.271596 5.704302 6.503283 1.502446 -1.044436 0.661802 4.958606 9.685258 -0.047347
1.393688 4.703992 1.374995 -0.401215 -0.672729 1.081692 -0.145011 -10.529037 -12.413659
1.292755 5.367310 2.140449 1.457821 -0.273541 -0.344051 -9.499667 19.264784 -16.150330
2.231882 4.644851 2.227332 0.272056 -0.056462 0.402629 5.749507 -4.299770 -8.531770
2.351437 5.477259 1.359308 0.034455 -0.041233 0.845648 2.878923 -2.901301 5.574575
1.554076 4.949232 2.969299 -0.615675 0.770691 0.769701 5.841347 -4.750076 50.845353
1.698333 5.797085 3.983961 -1.556714 -0.385290 0.023201 -54.453935 -16.179870 -33.166439
2.342601 4.833901 3.817333 -0.092857 -0.512633 -1.176871 -3.902037 8.511258 7.667628
2.400713 5.691599 3.166176 1.407689 -0.521751 0.006185 -3.279777 1.647249 -10.102488
1.456015 4.733634 4.541255 0.860688 -0.833614 -0.426806 -1.064425 -1.245904 -3.341316
1.506917 5.384790 5.410196 -1.534577 -0.044818 0.643722 -2.551747 10.488494 -0.673586
2.259105 4.850797 5.887344 -1.313281 -0.023265 1.578084 16.763915 8.744658 -32.077617
2.414120 6.014447 5.242115 0.689004 0.609150 -0.466003 2.274857 -8.988520 3.838970
2.806666 6.604170 6.193941 -0.382447 0.640747 1.074300 -14.382167 -1.333633 -7.403761
2.950566 0.461180 0.499249 0.199638 1.204162 0.233662 -12.512597 9.611248 14.448345
3.974999 6.433796 0.358584 0.355930 2.006641 -2.569753 -16.543759 -27.516303 14.931315
3.606361 0.354640 6.536582 0.390035 -0.607589 0.178003 20.273069 15.935039 -19.280310
3.232655 6.547779 1.288721 -0.447936 -0.260481 0.322175 5.410371 3.010819 16.536491
3.269927 0.797863 2.214815 -0.483229 1.229701 1.349904 11.912494 -14.502036 26.561474
3.784537 6.594362 2.253474 1.093865 -2.131814 -0.217801 8.628273 7.304636 -3.793716
3.914956 0.656762 1.272416 0.074211 -0.087345 -0.395443 -13.719915 -3.550637 -27.376263
3.335241 6.193195 3.132126 -0.314357 -1.584830 0.275611 -1.815975 -3.145883 6.118504
2.981045 0.776686 4.016611 0.755517 -0.937162 -0.241673 -4.109828 4.310828 -4.371857
3.655678 6.006517 4.271748 -0.216473 -2.505268 0.954537 3.450209 33.482041 -13.212469
3.986046 0.166961 3.512234 0.338182 -0.210457 0.181642 -24.985072 -2.471808 8.537906
2.945283 6.755384 4.668023 -0.685080 1.950246 -0.520815 9.312908 -6.027318 18.495341
3.091630 0.753820 5.605067 -0.360051 0.461024 0.090353 4.564247 -11.123695 -8.423870
3.712831 6.490840 5.568134 0.393375 0.253321 -1.694659 -2.769425 14.373280 -13.887758
3.834895 0.559860 4.697838 0.696587 0.244891 0.243529 5.228417 -4.577574 -3.930966
3.049935 1.415150 6.456753 0.024224 0.465472 0.499042 7.381368 -6.320426 5.689116
3.089112 2.219937 0.519024 -0.915867 -0.915750 0.835176 -0.670857 -2.219047 6.302755
3.884582 1.489490 0.515747 0.095430 -0.951011 0.706725 2.398021 -6.244044 -4.320183
3.831905 2.497672 6.621476 1.463949 -0.275973 1.144754 6.595227 -5.166637 -8.291567
3.167934 1.463626 1.470631 -0.430786 0.926240 -0.305063 -15.673603 6.493000 -20.212421
3.235506 2.378518 2.239216 0.265005 -1.167935 -0.883016 -28.293472 -21.289944 6.933195
3.987637 1.547312 2.670391 -0.927818 0.691587 1.486920 -7.119919 -4.857289 -7.320730
3.962399 2.078247 1.432554 -0.045071 -0.291481 0.985336 12.301405 12.633647 -2.274804
3.068595 1.519301 3.225967 -1.008861 -0.558666 -0.433544 -21.444866 7.721662 -15.495261
3.242369 3.011668 3.728525 -0.425785 -0.900353 -0.003716 20.619534 -13.970787 6.983371
3.902511 1.230902 3.711478 1.253834 -0.594001 -1.121994 26.141050 -0.740923 14.774405
4.263999 2.446433 3.170574 0.162188 0.002552 1.763404 -8.184395 6.562642 -8.057106
3.351048 1.502154 4.706279 0.050890 -1.457683 0.603521 16.492868 -12.849753 -8.832443
3.173374 2.315291 5.804866 0.731322 -0.591779 -0.164619 18.659310 13.748068 -1.461201
3.920824 1.457815 5.612410 0.804019 -0.596122 -0.407563 4.730049 1.184990 6.074758
4.119981 2.499825 5.231689 -0.119422 0.538295 0.569149 -2.683587 -2.140884 0.455466
2.893089 3.109459 6.566755 0.080020 -0.710672 -1.342397 5.041973 2.347904 -9.054890
3.011211 3.801842 0.564869 0.559380 -0.657811 0.357492 2.560629 10.195943 3.512773
3.980782 3.209895 0.574257 -1.507612 0.402718 -0.392513 1.861514 0.370107 5.666156
3.995194 4.151671 0.059513 -0.472283 -0.724861 -1.108261 -4.934297 -2.384539 -17.649240
3.275180 3.023365 1.343237 1.868168 2.106352 0.023335 -8.465909 -3.478053 2.969634
3.150249 3.887545 2.120052 -0.680575 0.380455 0.072620 1.530054 -6.943701 5.068530
4.071648 2.896711 2.181675 -0.171837 -0.323164 -0.798070 -2.911716 22.937985 21.072305
4.129109 3.645825 1.559784 -0.294665 -1.168009 -0.906975 -4.853668 29.441012 -19.914490
2.661991 3.449654 2.988024 -1.210296 1.164746 -0.614366 26.852507 -17.787818 -22.463465
3.053538 4.078698 3.793425 -2.058411 -1.478243 0.825886 7.331870 -4.834011 4.833666
4.513287 3.810334 4.058248 0.498871 -0.268343 -0.550314 -3.662484 0.497398 0.213202
3.864847 3.701632 3.053142 -0.154104 -0.215203 0.092601 -2.629666 -0.133482 -0.773770
3.646403 3.410831 4.742800 1.260652 -0.936132 -2.188460 -0.392165 0.098855 -0.600674
3.139304 4.017953 5.682225 0.417122 -0.977237 0.633240 -0.732253 3.239788 1.339330
4.130965 3.437928 5.791809 -0.554601 0.230506 -1.900208 -2.831217 2.022249 0.747623
4.173959 4.445803 4.843011 -0.151019 0.361643 -0.086799 -24.240947 -9.869378 4.786329
2.936967 4.796491 6.671234 -1.309508 -0.404613 1.697686 -2.241663 -12.725021 -0.479976
3.732499 5.235453 0.330511 -0.470004 -1.152531 0.858045 4.717159 5.216430 10.877983
4.318002 4.509587 0.970578 0.433410 -0.294962 2.471140 -30.027101 -0.610603 -3.461124
4.033329 5.829572 6.287825 -1.451539 -0.637565 0.792233 20.599157 -6.059234 7.446353
3.153977 4.656492 1.416727 0.173833 0.265606 -0.086054 1.137295 8.008194 -8.032711
3.411567 5.611239 2.173564 -2.105860 0.265716 1.052702 -10.721489 -10.123564 6.964915
4.322911 4.839701 2.002409 0.484025 0.164029 0.292729 -1.929664 -3.115712 8.549956
4.091504 5.701702 1.388336 -0.055406 1.283411 0.640399 3.611546 5.421274 -12.264177
3.411482 4.757033 2.987548 -0.072828 0.570004 0.489100 -3.477892 0.583997 -8.597429
2.620059 5.763225 4.237028 1.271848 0.161055 0.447744 57.969523 -4.698516 16.830022
3.649731 5.043474 3.996781 1.243937 1.140987 -0.144505 1.447409 -18.486830 0.333819
4.374496 5.789018 2.842574 -0.864088 -0.454465 -0.708548 -22.137515 13.517821 20.545354
3.114707 4.932932 5.008991 0.583826 1.612448 0.355984 -13.321292 -8.930724 -4.541134
3.127338 5.561613 5.905608 0.496541 0.433469 1.514323 -1.880272 -3.399320 -6.048622
3.898144 4.737831 5.889429 -0.020283 -0.335242 -0.846822 6.040635 3.442966 4.091152
3.954580 5.513758 5.094508 -0.859427 0.296374 1.403939 15.416856 -2.064511 19.185201
4.656871 0.037467 6.210169 -1.243304 -1.134285 -0.437587 -0.507663 -18.408221 6.785914
4.712803 0.282895 0.422965 -0.253963 -0.020513 -0.117024 24.045261 19.777529 17.049024
5.572793 6.064126 1.064458 -0.077363 -0.522876 -0.585726 0.809351 0.734690 -1.349824
5.729418 0.432524 6.363542 -0.916311 0.259168 -1.235632 -13.523049 1.993903 -3.303273
4.739011 6.680310 1.530218 -1.715324 0.846343 -0.492149 -5.225820 -2.960217 -7.910988
4.414690 0.693807 2.123204 -1.051179 0.406550 -0.412268 16.995925 10.834523 24.853793
5.565569 6.652649 2.296737 -0.207808 -1.094671 -1.073218 22.056100 10.004092 -23.651373
5.547857 0.612406 1.466087 -0.549069 2.115569 0.668287 4.549152 -7.508161 -9.615695
4.795088 0.062114 2.915773 -1.036794 -0.341286 0.299303 -0.108215 -5.147248 1.043886
4.896418 0.351443 3.960123 -0.901631 1.021475 -0.073310 -2.747613 4.270006 -2.224860
5.872857 6.626065 3.825208 1.750424 -1.022715 -0.903802 -0.006991 -0.857944 4.625277
5.707051 0.708957 3.085810 0.609315 0.392415 1.914258 -30.885189 -14.337602 20.638243
4.651677 6.356989 4.863794 -1.128865 -1.019475 -0.337982 -0.608571 5.282898 9.439935
4.642233 0.611212 5.382923 -0.203082 -0.021426 1.028027 -2.024239 -2.162616 -9.393481
5.803170 6.602062 5.535476 0.694450 -0.515309 -0.662005 -11.956549 -6.313462 -3.721837
5.595862 0.497876 4.683493 -0.556096 -0.035027 0.270803 13.763046 3.426873 14.923044
4.851735 1.114905 6.549953 0.792621 0.649896 0.284338 -0.979034 5.798539 -4.299150
4.693220 2.262150 0.497087 -0.588054 -1.188727 1.864055 -0.850356 -16.048846 -23.631368
5.902158 1.403305 0.597704 0.752968 -0.561914 1.002200 -6.134432 -6.874587 -13.459782
5.842856 2.312144 6.709935 -0.303879 0.857363 -0.836426 -32.516308 8.772632 30.555566
4.894347 1.482825 1.204742 -0.362004 0.293888 -0.097936 -1.833144 -4.209023 4.260232
4.719239 2.174488 2.221896 0.150025 0.443670 -1.129603 22.199411 -43.348863 -2.770274
5.544063 1.342970 2.182146 -0.201623 -0.520914 -0.560245 -8.400756 19.141724 4.873771
5.754728 2.197655 1.283813 0.210296 2.116651 -1.212117 -25.383246 -3.548199 17.781836
4.978399 1.599099 3.130987 0.274854 1.113594 -0.811544 2.757108 -5.922448 2.307957
4.279957 2.573717 4.183971 -0.283644 -0.180920 -1.687520 -8.034089 4.658899 13.053141
5.568272 1.455723 4.110869 -1.602415 -1.653421 0.118521 -1.686244 -9.986214 -2.701940
5.196298 2.517424 3.682684 0.283005 0.050393 -0.158431 10.115861 3.312004 0.687488
4.716844 1.480671 4.779368 -1.082677 0.853804 -1.097329 -11.195780 7.944118 -8.092023
4.728853 2.159820 6.055021 1.028705 -2.320713 0.972603 -8.789549 -18.214380 7.832042
5.454857 1.256312 5.506274 -0.675405 0.264674 0.319601 13.725683 5.491227 9.901900
5.466048 2.334439 4.877655 0.719408 -0.916154 -0.669849 1.910571 -18.394725 -9.926923
4.763485 3.106411 6.642328 0.757516 -0.332612 -0.320101 7.999342 8.347727 -3.121558
5.173187 4.011666 0.502430 -1.051979 -0.100821 1.375733 4.082745 -5.765815 2.470507
5.906120 3.110278 0.692582 0.926906 -0.564470 0.136878 -10.637722 11.364149 -1.100417
5.840437 3.876463 6.363157 0.270509 0.870058 0.789689 -27.133515 10.830347 1.448053
4.781442 2.785277 1.336360 0.162018 -0.230791 1.310208 7.032558 18.537979 16.214388
5.022694 3.836832 2.086602 -0.323273 -1.417646 0.614960 4.258636 5.011980 2.678452
5.470710 2.851538 2.195293 0.206917 -0.666279 -1.025822 3.767197 21.361343 -5.719334
5.927000 4.095486 1.433470 0.987118 0.146217 -0.043805 5.861197 -2.456323 -4.842449
4.935311 3.466287 3.167972 -1.547173 0.216258 -0.514735 7.631650 -3.434924 -10.276987
4.503514 4.823232 3.162916 -0.298796 1.169884 -1.062534 0.717748 -15.114731 9.012641
5.753005 3.378442 4.289673 -0.933827 0.232246 0.041821 16.731439 0.071618 -14.652159
5.777405 4.237353 3.432622 -0.211778 -0.652527 -1.210213 -10.373469 -6.783707 4.147509
4.960861 3.239930 4.866157 -0.370258 -0.106846 -1.473975 -30.190107 2.806663 17.350369
4.935385 4.130560 5.494822 0.264921 -0.369102 -0.154508 11.713564 0.856697 2.984284
5.443556 2.831475 5.802706 -0.190029 0.618205 0.822732 18.082055 20.845661 2.473295
6.100767 3.730429 5.338163 -0.387203 0.158272 -0.093433 -16.373646 2.557313 0.200672
4.948527 4.632658 6.454603 0.997003 0.669136 1.536212 -17.160058 -0.653410 -12.841634
4.737091 5.521432 0.513647 -1.585799 -0.632060 2.155950 5.265300 2.088857 -3.303029
5.699950 4.998185 0.212189 0.086633 0.353952 0.171038 16.280912 6.025439 12.511468
5.479697 6.056100 6.624689 -1.402070 -0.492380 1.563702 -2.708723 3.694804 -2.908824
5.180254 4.849344 1.273874 0.330127 0.132709 -0.899953 31.879656 18.742603 14.051047
4.972740 5.780114 2.060451 0.766555 -0.691157 -0.021873 21.261686 -6.821553 -25.107321
5.352493 4.848118 2.488638 0.814380 0.832452 0.651842 5.796265 -2.242621 -0.239328
6.069777 5.403979 1.813540 -0.166173 -0.833531 -0.198309 -5.841008 1.986979 12.397189
5.566979 5.324458 3.817014 -0.372542 -0.542698 -0.214831 10.711301 -25.333789 10.917937
4.807765 6.023221 3.879712 0.108455 -0.175198 -2.242394 -9.466057 8.177382 -11.002763
5.718753 4.473888 4.550381 -0.215444 0.184045 -0.369493 -0.553565 1.550683 5.414492
5.581739 5.955575 3.050017 -2.141732 0.099624 0.965782 -0.811107 1.338439 -17.315621
4.851631 5.138459 4.561029 -0.333155 0.532209 1.525122 5.146068 13.733538 2.673711
4.929235 5.561016 5.668389 0.676777 -0.145991 -0.501024 -0.626827 -1.340408 1.924213
5.970013 4.695155 5.721996 0.322910 -0.357412 -0.453712 -2.371453 17.587561 0.870424
5.821344 5.609640 5.037978 1.311789 -1.233023 0.108565 3.973692 -3.274903 -5.612499
