0.600220 0.635994 6.648323 1.173740 1.177648 0.639594 7.578135 -5.037930 -3.539080
0.537465 0.468802 1.384780 0.786391 0.882887 0.143542 26.780897 22.975099 22.181708
0.670154 0.571082 3.294262 1.059379 -0.075940 0.774589 3.439467 -2.152352 -7.351503
0.640099 0.658441 4.941089 -1.503559 0.017989 0.276304 -3.258687 1.897278 2.851248
0.537337 1.326998 0.747043 -1.895816 -0.627837 0.246026 24.009917 -1.781996 -0.084771
0.575471 2.165866 6.627184 1.466440 -0.289592 0.262222 8.293050 1.503392 -4.234532
0.549012 1.275201 2.472753 1.108424 -0.883642 0.437996 58.664425 39.068635 -9.149911
0.589432 2.371952 1.568923 0.063997 0.245020 0.170937 7.519513 0.354684 -7.547706
0.715036 1.443002 3.956226 0.017587 0.268394 0.455401 2.113176 -15.587740 2.927358
0.563037 2.116244 3.178187 0.777860 0.731653 -0.390507 3.758631 9.608575 -3.179981
0.480718 1.524967 5.659330 1.264739 1.062290 0.337154 18.363210 -7.284379 -1.094562
0.625602 2.238123 4.621415 0.531758 0.680341 -0.294793 -4.909545 6.106204 7.452105
0.447238 3.264961 2.222552 -1.907552 -1.208430 -0.136378 -4.306459 -21.554158 -31.633001
0.485413 3.209676 3.815092 -0.297207 -1.266005 0.799887 3.339223 -1.916462 4.857283
0.540321 3.141138 5.637479 0.323941 -0.471769 -0.441372 0.319904 0.015252 0.115642
1.455068 0.611758 0.516375 -0.905603 0.537305 -0.872650 -10.556169 -20.670898 30.114944
2.188373 0.606646 6.602924 -0.616704 -0.848402 -0.521597 8.241656 12.190390 1.827582
1.445741 0.570148 2.245992 -1.518607 -0.013651 1.087830 -2.163055 0.850355 3.254785
2.588228 0.436880 1.466643 -1.699597 -0.654703 -0.151965 -5.020424 -0.375523 0.611155
1.375081 0.520790 4.162768 -1.686190 -0.636550 0.909338 -1.407041 7.897311 2.102745
2.515222 0.423102 3.241223 -0.171159 0.178955 0.428946 -7.102580 17.557190 34.016240
1.427482 0.854926 5.891184 0.194420 -0.306738 1.888458 -25.008593 -14.958735 -2.230153
2.154146 0.710333 5.025489 1.738438 -0.477613 -0.379044 1.515202 -16.686290 -12.562604
1.405076 1.450326 6.771499 -2.413137 -0.590544 0.184965 -8.917718 7.451780 -11.876203
1.402415 2.242200 0.666708 1.096587 0.522347 0.378050 -7.476914 3.254554 2.322597
2.368047 1.239278 0.656551 0.469202 0.217099 -0.537497 -7.899607 6.885042 12.027772
2.163491 2.142871 6.657942 -0.169263 -0.634091 0.359455 10.852885 5.321931 -5.361190
1.453571 1.389031 1.410213 0.043400 -0.723120 -0.062164 0.764135 -1.870103 0.318196
1.307803 2.029414 2.363655 0.785141 -0.497564 -0.602236 -0.673347 -4.486981 -9.277114
2.407205 1.156022 2.222219 0.831310 -0.792052 -0.602425 -6.702216 3.406953 5.132617
2.259670 2.232241 1.365855 -0.068342 0.832208 -0.625555 -3.422960 -6.504106 5.714544
1.625921 1.184996 3.322217 -0.089380 -1.179350 -1.176031 -5.476131 -3.439470 -7.141657
1.576033 2.187134 3.921607 0.374259 -0.128776 -0.204334 -9.489955 -4.029850 -13.653372
2.363901 1.344589 4.090322 -0.652798 0.490497 -0.833324 -18.748583 0.969034 -12.888645
2.197033 2.015361 2.939775 0.187192 0.792617 -0.046109 -3.315829 14.322762 4.039842
1.495821 1.565747 4.861752 -0.325031 -0.579500 -0.269103 -8.548866 -3.127669 -10.674117
1.388554 2.275778 5.677220 -0.190705 -0.139539 -0.549354 -12.906229 -4.916982 -0.495433
2.162226 1.492540 5.671234 1.148398 0.059534 -0.487757 30.413725 29.695749 15.231967
2.161894 2.501773 4.701818 -0.967436 0.231530 -0.363647 12.179433 -13.716485 25.959755
1.295474 2.982812 6.506590 -0.243107 0.098391 -1.251396 4.385535 3.799900 0.796465
1.551681 3.072145 1.366920 0.318611 -0.433233 0.933526 -11.707000 2.356551 3.582426
2.328186 3.013889 2.115986 -0.332671 0.172997 0.806949 -12.146941 11.493902 10.038929
1.514837 2.975921 2.790505 -1.173632 -0.568886 0.147667 -4.946798 6.422888 11.580268
2.309443 3.072004 3.864871 0.006581 0.724084 -0.903190 -20.324623 -5.969964 -3.976763
1.286910 3.081571 4.665980 -0.010327 -1.682268 1.228539 -1.754675 7.520813 0.138077
2.237773 2.869542 5.781151 -0.145360 1.313353 -1.317666 10.057495 6.752383 0.714128
3.256805 0.580482 0.587134 -0.949748 1.128874 -1.865057 -2.730995 19.892564 13.933905
3.241175 0.437056 2.586211 -1.183432 0.121630 0.064314 7.724526 3.639638 -47.081930
3.018687 0.523119 4.303091 1.012687 0.323055 0.347278 -3.832859 -7.387588 -8.877652
3.040069 1.412875 6.672758 -0.506639 -1.222219 -0.185043 -0.029646 4.515895 -11.933604
2.999330 2.384407 0.641437 -0.722554 -0.011845 0.871299 3.540101 -16.135198 -5.349659
3.118715 1.507910 1.474311 0.459251 -0.526442 0.125038 0.686381 -0.845073 -4.859513
3.075721 2.313150 2.286888 0.286570 -1.126017 0.779702 11.077815 -6.771995 -2.619794
3.078507 1.489299 2.995317 0.432066 -0.511865 -1.592227 15.852460 -9.827434 11.261615
3.028947 2.222361 3.990332 0.157773 0.617780 1.231785 3.573859 5.368747 -4.830406
3.178415 2.147494 5.623521 0.234117 -0.762454 0.179282 -12.038571 1.799929 5.067904
2.981693 3.105354 6.626076 -0.026942 -0.810421 1.060364 13.149563 -3.565821 -8.042786
3.105296 3.097593 1.457039 -1.018536 -0.024719 1.112401 13.464596 1.547495 -12.122488
2.943427 3.119926 3.065266 -0.209445 -0.320080 0.278556 15.113760 -4.053101 -12.198336
3.133632 2.960184 4.903943 1.150265 0.775816 0.677840 -2.384299 -0.388867 0.712872
2.156440 3.032672 0.474398 0.594169 1.329613 0.150265 -6.161351 9.030584 4.324792
3.093904 1.479318 4.773093 -1.374916 -0.361649 -1.069916 14.600430 6.279277 17.754022
0.669675 3.292415 0.560683 0.572178 -0.763007 -0.503925 25.741659 1.174792 30.160197
3.137055 0.708071 5.527351 0.169395 0.529694 0.925908 0.668117 10.500020 8.711578
6.672979 0.580743 4.009452 -2.127185 -0.121312 1.152837 -5.232837 -3.225679 1.287196
6.606817 2.012974 2.180260 1.166190 -1.086068 0.853126 -3.916681 22.096099 24.299980
6.415358 2.258811 3.915118 0.002656 0.989902 0.110439 2.213103 19.853564 -14.119471
6.275516 3.083017 1.526618 -0.306260 0.926779 0.292152 14.565252 3.321874 10.106701
6.633550 2.884561 2.995070 0.250640 0.154638 -1.736047 -10.827002 1.812733 1.013149
6.740325 3.051349 6.748960 1.182586 -0.062678 -0.594207 -23.129259 -24.193393 -29.873172
6.661872 1.380448 6.722514 0.499611 -0.059221 -0.910929 -14.547755 1.606303 -11.417978
6.514690 3.284607 4.744419 0.366297 -0.438582 -0.685187 3.259194 -6.859485 -10.524911
6.740201 2.148894 0.690425 0.551750 0.359970 0.511167 -16.397114 17.070585 4.572275
6.577672 1.495175 4.553850 0.016454 0.618688 0.177754 4.174605 -9.014266 18.812200
6.579096 1.359880 3.164776 -2.174938 -0.053189 0.945082 -13.938190 6.089033 15.458042
6.661113 0.634909 2.407043 0.229343 -0.366009 -0.906184 -51.770701 -32.176996 -26.584859
6.625990 0.551480 0.647938 0.628730 -1.414924 0.554242 -17.450262 18.568110 -20.326580
6.451264 0.864034 5.543969 -0.858699 0.286597 0.067948 1.779974 -3.043737 6.453807
6.534255 1.291673 1.495425 0.091012 -0.553817 -0.606763 0.027719 -20.937617 -18.826347
6.602385 2.270209 5.821680 -0.521551 -1.984410 -0.088506 -5.570864 14.016442 -5.207046
3.977237 0.871390 6.563432 -0.500460 -1.117160 0.185781 0.457175 -12.577794 -4.137594
3.869172 0.468296 1.636592 1.335543 0.123183 -0.362875 -5.330812 6.170949 -3.466573
3.971167 0.529869 3.270496 -0.252930 0.216366 0.021766 25.595667 26.537456 10.850556
3.996390 0.567826 4.711582 0.166975 -0.508108 -0.163667 -5.234213 4.323738 9.042129
3.845244 1.470893 0.622002 -0.425257 -0.042034 -0.158574 6.911536 9.380889 5.236360
3.760334 2.273821 6.555461 1.696458 0.916450 -1.012872 2.104843 -15.386141 -12.928050
3.901500 1.388792 2.233943 -0.207243 0.053036 -1.308639 0.333245 5.681241 3.518238
3.990341 2.256764 1.367063 0.085428 -0.639041 1.090045 -0.843814 -4.605322 13.414051
3.902355 1.406955 4.017027 0.003061 0.127499 0.534927 -0.386147 3.876173 -4.797926
4.028015 2.230076 3.077323 0.124154 -0.094069 -0.165945 -4.946670 -1.322215 -1.006395
3.943420 1.421526 5.645059 1.017130 -0.185102 -1.291144 -1.365537 8.505136 -6.440747
4.012810 2.255745 4.849436 -0.692427 -0.824154 0.507770 -6.698843 1.110115 -7.970965
3.913065 2.888985 0.542311 0.549357 -0.502214 -0.588190 6.053269 28.409840 6.023683
3.945034 3.199246 2.481175 -0.625131 0.235698 -0.144687 -15.122910 2.131296 -12.110673
4.117212 3.044590 3.855759 1.133250 0.189393 -1.015129 -11.446628 -2.134080 9.424021
3.843707 3.005530 5.717994 -0.449179 -1.143747 0.938115 7.110522 4.532154 2.398307
4.844995 0.777001 0.414040 0.752321 1.393074 0.697429 -4.685142 -5.274625 1.870579
5.675282 0.774337 6.529360 0.089792 0.746258 0.689311 6.952380 -3.307169 -9.535631
4.721371 0.688243 2.364054 -0.598584 1.621830 1.008967 3.486882 -8.635570 -3.486545
5.553764 0.598654 1.220726 -0.540941 0.492356 1.082844 20.633253 -5.584077 3.078200
4.785330 0.687018 3.946891 0.395235 -0.579685 1.641122 7.221496 7.802465 -0.626893
5.576709 0.749590 3.112148 0.065550 0.186377 0.237251 10.690851 -12.902840 1.668044
4.777681 0.832418 5.801943 0.186577 -0.209161 0.885327 5.072521 -2.821756 -15.563428
5.727367 0.861844 4.773328 0.779381 -0.856787 -0.958018 -3.725902 4.994968 -12.209523
4.866270 1.578599 6.502769 0.015875 -1.388310 0.065863 -0.182096 12.195575 2.424908
4.787026 2.245014 0.550720 -0.114687 0.766944 0.344893 4.663506 -1.118409 2.918531
5.728597 1.456836 0.529442 -0.362069 -0.003373 0.077654 -0.108400 0.352618 3.025851
5.820966 2.171533 6.502218 0.251556 -1.119097 -0.216236 -6.723492 5.397704 11.681358
4.782213 1.243864 1.378044 0.129463 0.842732 -0.952078 -15.084626 16.192238 7.258233
4.898379 2.341411 2.150535 -0.176197 0.952514 -1.096356 -1.359853 -5.383428 2.312805
5.729814 1.368764 2.253555 -1.143230 1.162325 1.131655 -4.788430 -3.135668 -6.384521
5.824909 2.107876 1.348211 -0.196925 -0.002553 -1.267239 -5.998477 2.964555 8.127182
4.846938 1.496786 3.052520 -0.451471 -0.552708 0.690403 -6.938881 7.086489 2.125571
4.774016 2.156284 3.951058 -0.262157 -0.156890 -0.089852 -2.770078 0.309252 1.369351
5.653212 1.501269 3.873547 1.196851 0.349737 -0.252203 -2.073872 -0.128829 2.112668
5.687847 2.217530 2.921418 -0.508033 -0.240733 1.095140 3.252791 4.427980 7.080855
4.726786 1.422423 4.805163 -1.960592 -0.299476 -0.080243 5.339290 -1.876951 1.969229
4.759906 2.255637 5.604273 -1.140869 1.085637 -0.523899 -15.275593 -3.351840 0.370463
5.610853 1.664770 5.568632 1.278563 0.865030 0.052815 8.230794 -17.020082 6.144264
5.607462 2.296764 4.739148 0.185588 0.280109 0.428140 -0.197346 -1.121536 -5.791215
4.827528 3.012188 6.372327 0.715714 0.152946 1.494365 -13.861197 2.377074 12.613406
5.752868 2.983862 0.642259 0.707665 0.197747 0.255407 -6.604090 -7.021380 -5.422878
4.673049 3.195451 1.524982 0.289657 1.323592 0.116489 -2.081044 1.909933 -2.210460
5.535516 3.349911 2.271892 0.488867 1.435893 0.020743 2.875996 -10.451483 -0.588940
4.776505 3.070017 3.051097 -1.180371 -0.353233 -0.722293 23.665046 -2.375388 1.739496
5.485475 2.987038 3.934098 0.547496 0.311986 1.587268 3.467295 3.693105 -9.995956
4.797664 3.124347 4.789930 0.980090 0.771200 0.381603 -3.692622 -9.012476 -1.853399
5.576260 2.896885 5.662503 0.855685 0.610277 0.197323 9.257432 -4.129155 -10.524962
4.944060 0.145522 4.851813 -1.430399 -0.775324 0.465771 -33.775694 -14.321846 -30.500409
5.573934 0.186245 5.568687 0.642056 0.529947 -0.278113 39.734797 -8.901999 43.084355
3.240662 6.589300 5.067029 0.998929 -0.868592 -0.046100 -1.478483 -15.723220 -3.473166
2.057639 6.567158 4.421656 -0.171386 0.747725 -0.283971 7.068764 -3.117151 -6.395810
0.814877 6.192152 4.557660 0.462760 -1.814953 1.104502 3.817227 3.046299 -2.944478
0.544858 6.588502 5.889034 0.402022 -0.444333 0.337529 -1.965844 -2.801772 -4.280646
1.496724 6.610293 1.435151 0.538635 -0.872007 0.486727 -9.434319 3.668568 11.942575
1.469481 6.527980 6.615409 0.878448 -0.396494 -1.395049 6.670477 6.172974 -5.570287
3.269464 6.483673 1.166262 0.567793 -0.241893 0.270837 6.482730 -5.996178 -3.632443
0.731375 6.521768 0.684582 0.023442 -0.044361 0.943753 1.268759 1.459327 -10.405216
0.605833 6.552859 2.197645 0.624643 0.681736 0.332099 20.293582 12.310028 -9.298592
2.189868 6.541704 0.673083 -0.533026 -0.506628 -0.574757 11.328878 9.654916 -23.153399
2.264576 6.579936 2.465284 -0.592690 1.556454 0.542070 5.214528 -7.566462 -26.187864
1.616038 6.754543 3.253118 -0.242479 -0.121509 0.246049 -22.871714 -8.873732 7.378616
1.414176 6.723807 5.352508 0.420087 -0.116319 0.845886 11.113224 -1.135340 -7.113296
2.587797 6.705075 6.003068 -0.191440 1.154449 0.493938 1.630841 -17.547087 -13.322691
3.318907 6.586324 6.795129 2.103574 1.153668 0.612059 -0.447654 -23.482837 -16.367162
0.594596 3.928804 6.507309 -0.775920 0.683051 -0.328089 3.115463 2.979374 -7.724164
0.493020 4.106443 1.443361 0.028044 0.137028 -0.006155 0.014095 -4.960640 -4.205874
0.694158 3.889421 2.933716 -1.551321 0.673957 0.206824 5.797643 23.718882 35.777222
0.737278 4.048700 4.781411 0.921575 0.448152 0.421948 1.781417 -17.287994 8.772590
0.307822 4.947345 0.341369 0.638427 -1.018278 0.570148 14.482983 -26.472849 7.677639
0.705137 5.821489 6.701700 0.246616 -0.955727 -0.531403 -3.089440 6.374242 0.694092
0.721751 4.952790 2.082082 -0.488621 -0.290248 -0.120501 -5.178522 -9.711853 8.064054
0.579320 5.581970 1.232086 -0.073669 0.938605 0.500957 3.730561 8.233452 -3.488072
0.587137 4.938866 4.314648 -0.701845 -0.818875 -0.274040 -2.269521 17.969954 -8.802147
0.597386 5.697753 3.291316 -0.902710 -0.232314 0.019725 12.383305 20.752819 -1.826530
0.578244 4.965840 6.157655 -0.339056 -0.570585 -2.150159 -7.868988 -11.216005 -24.969171
0.305361 5.574966 5.281279 1.527873 -0.397872 1.198462 6.546649 7.894068 -0.810217
1.343346 4.216514 0.533831 -1.399342 0.731289 -0.842069 -2.952582 -6.121433 8.856665
2.337426 3.898965 6.318505 -1.105374 0.325616 -0.244912 18.464702 3.587288 14.705283
1.412939 3.891768 2.170452 -0.348066 -1.120383 -0.644940 7.731772 2.238669 -8.873773
2.249227 3.922748 1.332565 -0.043438 1.918644 0.050312 3.446595 1.013782 -1.299589
1.580422 3.841121 3.838758 -0.630592 -0.034100 -0.770101 -10.204569 2.234350 6.557418
2.279254 3.964064 3.041540 0.946428 0.013787 0.797793 -0.420136 0.611398 -8.869136
1.519808 4.030466 5.764253 0.241239 -0.260417 0.901129 -23.116608 1.884869 -17.288877
2.325274 3.896219 4.707105 -0.057948 -0.103614 0.027683 -3.146438 -0.723431 3.636463
1.550478 4.849251 6.525366 1.931273 -0.583780 -0.419726 5.082880 0.389149 -5.700319
1.622252 5.572251 0.560235 -0.606059 1.133349 -0.885189 -2.944005 5.327434 0.723601
2.338476 4.735761 0.454458 -0.073838 -0.881946 0.625944 2.382703 -3.514750 0.641187
2.383355 5.547716 6.394653 -0.200049 -0.186680 -1.740228 -7.426819 2.982755 7.663789
1.884019 5.022653 1.503446 0.937218 0.715879 0.374141 -13.207486 -29.784345 1.963371
1.368519 5.764000 2.240965 -0.993016 0.429648 -1.183883 8.128352 7.790859 0.160292
2.226273 5.183420 2.693850 -0.899712 0.187316 -0.342000 -16.811099 -16.543785 -15.295088
2.310038 5.911489 1.473900 -0.885512 0.918845 -0.054933 13.604654 18.764923 16.843938
1.359489 4.806494 3.383308 -0.486790 -0.695003 0.543711 -8.905080 -11.273173 -10.424290
1.794270 5.564185 3.906067 -0.852838 -0.601699 -0.106730 -1.257616 14.695600 13.697454
2.474792 4.715625 3.794799 -0.431857 0.068053 -0.342172 1.310808 -1.171980 2.389450
2.553781 5.933404 3.283284 -1.459472 0.208917 -0.473072 -2.804397 22.119585 14.478443
1.617181 4.787704 4.679592 1.423731 -0.001401 0.614358 1.869054 -2.120189 -0.386518
1.384995 5.636503 5.783738 1.344359 0.610953 0.173543 -13.844223 -0.177000 6.441844
2.443969 4.790172 5.435842 0.827776 -0.420718 -0.273191 -3.637200 -1.089002 -0.480535
2.208749 5.967633 5.280567 0.455381 -0.824493 0.405402 17.996721 -4.069836 -3.900670
3.140089 3.993346 0.511899 0.823234 0.180686 0.432403 -11.805805 -24.346257 -0.219815
3.164656 3.970474 2.122667 0.389496 0.386559 -0.946043 -4.341165 -0.528218 6.859907
3.144670 3.600893 4.079338 -0.288983 -2.174446 0.281203 8.817609 9.842869 -2.174099
3.258085 3.985598 5.450336 -0.326742 -1.534825 -0.036921 -2.669536 -14.670711 5.997336
3.171849 4.699692 6.257519 1.022516 -1.536532 0.185277 -0.277094 -22.842245 21.965977
2.990992 5.538306 0.753263 -0.396788 -0.822412 0.102718 -8.419186 14.680917 -11.040531
3.154669 5.001531 1.637522 0.778393 -1.268769 0.885299 -8.315570 -12.458665 -2.425805
3.235714 5.950488 2.091099 -0.470448 0.922781 0.710912 0.286735 4.389085 11.364499
2.906035 5.558045 4.412105 -1.316337 1.263739 -0.807748 -2.711204 5.287960 0.688415
3.178752 5.538527 5.724607 0.789315 0.677150 0.439758 -0.215811 25.061935 -20.879734
0.149611 4.799507 3.293373 0.588004 0.270105 -0.013554 -11.255123 -21.530372 -1.459611
3.226263 5.206347 2.988013 -0.210425 0.108368 -0.936359 21.245701 -8.710705 -0.024038
3.442405 6.486396 3.319753 0.848688 -0.960552 -0.347757 -9.592474 -21.643104 2.912962
6.716906 6.606987 2.959305 -1.484682 0.398924 -0.000431 -8.340917 -18.522875 25.704623
4.108019 6.730898 5.813934 -0.884857 -0.010507 -0.075981 -35.468347 8.460979 -19.155211
4.725227 6.696316 1.351908 -1.033103 -1.081751 0.285788 22.574844 2.788046 33.866994
6.704578 4.616559 5.364034 -0.100699 1.382138 -0.652304 7.506641 -22.363704 -11.910025
6.546197 4.171621 2.389283 -1.376883 0.958656 -0.576520 1.081811 0.404136 -4.329986
3.512186 4.740477 4.799644 -0.943300 -0.118276 0.101901 -26.939083 25.135709 -20.285485
4.168074 6.434695 4.114938 0.842840 -0.378989 0.032239 4.804659 0.276697 1.332483
6.461009 6.464222 5.115692 -0.072361 -0.680368 0.246780 18.382318 13.673850 -0.863134
6.379155 3.900054 3.797535 0.703251 -0.377123 0.712633 12.815652 -1.747537 8.526209
5.727868 6.657017 2.057828 -0.671982 1.047390 0.032071 0.346969 -0.046267 1.465410
6.437394 5.689403 0.399531 1.480351 -1.092335 -0.521761 -12.704169 10.619871 1.550805
4.882435 6.707941 3.202321 -1.949830 0.003705 -1.258064 0.634344 -6.517232 -1.541721
6.254919 3.678206 5.672661 -2.004029 -0.216121 0.260693 14.243598 14.979866 -6.632969
4.896507 6.784891 6.401717 0.374147 1.124206 -0.797168 25.779162 -8.053578 24.524957
6.330322 5.276515 4.442867 -0.798360 0.213416 -0.160950 15.507817 11.638209 35.327316
5.710191 6.652414 4.094135 0.004729 1.406988 0.561293 -0.794378 1.953823 -1.018574
6.628880 6.570877 1.275957 1.557987 -0.410922 0.982358 -10.094253 -36.320118 24.494036
6.539059 4.905107 1.218974 -0.080728 -0.455868 1.266051 -12.716102 -3.432908 9.964736
6.644911 6.637105 6.656242 -0.789825 0.032603 0.405490 -6.426692 -3.704720 3.577760
4.279860 6.623273 0.484135 1.780869 0.362870 -0.332597 -18.446858 -4.668448 -26.613677
4.099985 6.547257 2.438832 0.600167 1.249128 -0.515583 -0.382130 5.528381 -7.396179
5.841518 6.544233 0.615002 0.178916 -0.225728 -0.275905 -18.865616 1.747207 -8.673377
6.566954 3.952840 0.408062 1.933902 0.820396 0.163993 -3.351959 10.003523 19.345775
6.116007 4.545131 6.468588 0.593819 -0.320658 0.395858 17.802050 -10.817407 -31.633069
6.715661 5.801340 2.181234 1.515486 -0.963377 0.026413 -12.523071 -14.486987 -2.295263
6.206763 5.352076 5.850159 -2.168831 0.105610 -0.307298 9.973107 36.685336 9.740482
3.974017 3.879127 6.475309 -0.119339 -0.179178 -0.716944 -2.800013 0.139410 -2.366719
3.898294 4.138741 1.336663 0.067487 0.511449 -0.174117 -14.225787 -2.984349 12.341406
3.646409 4.055609 3.281399 -0.278772 0.370715 -0.073740 5.267887 3.350607 -7.750918
4.038432 3.928990 4.550886 -0.473930 -0.080506 -0.336800 10.197363 -16.391290 10.631389
3.683976 4.836432 0.498545 0.972690 0.908195 0.075718 25.406996 6.412051 -2.602199
3.971819 5.452796 6.433191 1.321431 0.121490 -1.824486 3.673973 4.343138 -1.185852
4.050721 5.107590 2.173403 0.137230 -0.212535 -0.714818 7.184391 -3.795590 5.543305
4.218299 5.745000 1.292293 1.376721 -0.488509 1.024380 -11.448340 -1.615752 -1.192735
4.104994 5.107431 3.891399 0.044750 0.415977 0.371083 -6.590236 -6.895036 5.918066
4.291578 5.736190 3.087215 -1.176353 0.650261 0.232759 -26.160198 21.428499 -9.550170
4.149552 4.760014 5.569446 1.402458 -0.091511 -0.737827 15.294677 -0.978837 19.400612
3.923887 5.727261 5.023765 0.077236 0.530839 -0.008683 2.138649 1.945182 -14.979793
4.562107 3.817565 0.616855 0.018426 0.835107 -1.256526 10.664999 -3.710768 -13.122930
5.775949 3.509601 6.538813 -1.014113 -0.502950 -0.772795 -12.893158 4.116454 12.950075
4.781474 4.090137 2.200975 0.938661 -0.142864 -0.215088 -6.013328 7.334996 0.781587
5.662337 4.125956 1.458590 0.324057 -0.369337 -0.550336 2.753352 -1.542605 -0.112784
4.716136 3.952805 3.779876 -0.857851 -0.304697 -1.722797 12.134528 3.158734 -12.485669
5.685957 4.051600 3.062284 1.000210 -0.338853 -0.268860 -16.333656 3.757520 -6.990153
4.906185 3.912547 5.497807 -1.379750 0.365781 -2.011019 0.377237 -0.173003 1.614285
5.550433 3.893477 4.530002 -0.255449 0.666073 0.643988 2.058582 2.389170 4.935424
4.987922 4.442101 6.450327 1.078915 -0.178513 0.627644 -2.067617 2.293838 1.470958
4.727938 5.457940 0.399884 0.416173 -1.031763 0.174089 -7.007995 -3.214730 0.081909
5.638261 4.732004 0.498538 0.639326 0.777393 -0.335226 -14.253598 3.949569 28.297251
5.336594 5.629442 6.380449 0.328592 -0.204708 0.930148 23.473332 -7.784044 20.304057
4.757051 4.718144 1.216467 -0.503270 1.340913 2.087448 -5.460965 -4.666735 4.182398
4.873269 5.840190 2.137969 0.399503 -0.986298 0.443224 7.970580 1.846271 4.433892
5.689850 5.073887 2.108086 0.067771 0.899829 -0.679554 5.042638 -7.382303 10.395573
5.411815 5.496382 1.202939 0.129530 0.653458 -0.763348 13.437098 25.346403 -1.363238
4.969375 5.011132 2.982856 -0.168890 0.693056 0.487730 14.611723 -20.849566 -5.745641
5.045245 5.755719 3.789662 -1.563628 -1.051948 -1.034513 6.675423 -0.034801 16.738791
5.869985 4.973420 3.636150 -0.332106 0.304208 -1.785707 -17.559144 -10.941854 -28.431332
5.775336 6.022149 3.045417 -0.026111 0.967564 1.357394 -0.143835 -1.881651 -5.342850
4.905410 4.790022 4.540259 -0.285264 0.134983 0.524684 -10.339228 0.685319 -7.764858
4.722526 5.905461 5.668251 -0.448172 -0.083500 -0.562347 -16.610332 2.363424 -14.688864
5.611785 4.766680 5.281146 1.049092 -0.454629 0.888830 -2.002815 -11.059001 1.939494
5.599336 5.940129 5.109266 -0.273791 -0.480874 -0.801119 -9.798139 -10.864967 -8.221912
