0.000000 0.000000 0.000000 -0.201658 -1.754821 0.656851 0.000000 0.000000 0.000000
0.000000 0.773529 0.773529 -0.415619 -0.518824 0.637530 0.000000 0.000000 0.000000
0.773529 0.000000 0.773529 1.198812 -0.485004 0.165274 0.000000 0.000000 0.000000
0.773529 0.773529 0.000000 1.451362 -0.581286 1.229197 0.000000 0.000000 0.000000
0.000000 0.000000 1.547059 -0.761243 0.272744 0.317586 0.000000 0.000000 0.000000
0.000000 0.773529 2.320588 0.382074 0.518029 -0.532103 0.000000 0.000000 0.000000
0.773529 0.000000 2.320588 0.531256 -1.138318 0.565295 0.000000 0.000000 0.000000
0.773529 0.773529 1.547059 -0.270871 0.954510 0.611855 0.000000 0.000000 0.000000
0.000000 0.000000 3.094118 -0.903351 -1.434026 1.406486 0.000000 0.000000 0.000000
0.000000 0.773529 3.867647 -0.566085 0.577139 -0.460485 0.000000 0.000000 0.000000
0.773529 0.000000 3.867647 1.171878 -0.507762 0.819443 0.000000 0.000000 0.000000
0.773529 0.773529 3.094118 -0.433249 -0.053281 0.260766 0.000000 0.000000 0.000000
0.000000 0.000000 4.641176 0.125506 0.256048 1.278424 0.000000 0.000000 0.000000
0.000000 0.773529 5.414706 -0.482389 0.690027 -0.595524 0.000000 0.000000 0.000000
0.773529 0.000000 5.414706 -0.888714 0.712763 -0.665378 0.000000 0.000000 0.000000
0.773529 0.773529 4.641176 0.552470 2.102880 0.389883 0.000000 0.000000 0.000000
0.000000 1.547059 0.000000 0.068279 0.583229 -1.096139 0.000000 0.000000 0.000000
0.000000 2.320588 0.773529 2.180147 0.239317 -2.495988 0.000000 0.000000 0.000000
0.773529 1.547059 0.773529 0.708325 -1.126723 -0.814312 0.000000 0.000000 0.000000
0.773529 2.320588 0.000000 0.020542 0.661736 1.087201 0.000000 0.000000 0.000000
0.000000 1.547059 1.547059 -0.657455 0.473987 0.292748 0.000000 0.000000 0.000000
0.000000 2.320588 2.320588 0.341577 -0.277726 0.941884 0.000000 0.000000 0.000000
0.773529 1.547059 2.320588 -0.947910 0.895400 -0.368637 0.000000 0.000000 0.000000
0.773529 2.320588 1.547059 1.889745 -0.421033 -0.508016 0.000000 0.000000 0.000000
0.000000 1.547059 3.094118 0.609276 0.576384 -1.236375 0.000000 0.000000 0.000000
0.000000 2.320588 3.867647 0.868738 -1.444854 -0.091496 0.000000 0.000000 0.000000
0.773529 1.547059 3.867647 0.936739 0.459942 1.643349 0.000000 0.000000 0.000000
0.773529 2.320588 3.094118 -1.394188 1.253433 -0.382256 0.000000 0.000000 0.000000
0.000000 1.547059 4.641176 1.333434 1.152551 1.559653 0.000000 0.000000 0.000000
0.000000 2.320588 5.414706 -0.359016 -0.035685 -0.133781 0.000000 0.000000 0.000000
0.773529 1.547059 5.414706 1.536154 -0.550975 0.674648 0.000000 0.000000 0.000000
0.773529 2.320588 4.641176 0.617846 -0.740161 0.766290 0.000000 0.000000 0.000000
0.000000 3.094118 0.000000 0.567773 -0.041772 -1.220637 0.000000 0.000000 0.000000
0.000000 3.867647 0.773529 -2.492478 -1.179298 -0.404037 0.000000 0.000000 0.000000
0.773529 3.094118 0.773529 1.686364 0.637344 -0.746917 0.000000 0.000000 0.000000
0.773529 3.867647 0.000000 0.322269 1.083948 -0.022822 0.000000 0.000000 0.000000
0.000000 3.094118 1.547059 1.420206 1.105048 -1.277646 0.000000 0.000000 0.000000
0.000000 3.867647 2.320588 0.669500 1.555405 -0.179813 0.000000 0.000000 0.000000
0.773529 3.094118 2.320588 0.878735 -0.142852 -1.231384 0.000000 0.000000 0.000000
0.773529 3.867647 1.547059 -0.049623 1.427132 -0.654307 0.000000 0.000000 0.000000
0.000000 3.094118 3.094118 -1.431881 -1.086972 -0.501838 0.000000 0.000000 0.000000
0.000000 3.867647 3.867647 0.328573 -0.926249 -0.904492 0.000000 0.000000 0.000000
0.773529 3.094118 3.867647 1.097404 1.101292 -0.579036 0.000000 0.000000 0.000000
0.773529 3.867647 3.094118 2.840679 0.790521 0.303654 0.000000 0.000000 0.000000
0.000000 3.094118 4.641176 1.515161 0.444808 -0.246150 0.000000 0.000000 0.000000
0.000000 3.867647 5.414706 0.734267 -0.937442 0.621749 0.000000 0.000000 0.000000
0.773529 3.094118 5.414706 1.408994 0.978382 1.123252 0.000000 0.000000 0.000000
0.773529 3.867647 4.641176 -0.376762 0.263821 -0.216458 0.000000 0.000000 0.000000
0.000000 4.641176 0.000000 -0.026112 0.187357 0.507099 0.000000 0.000000 0.000000
0.000000 5.414706 0.773529 1.307086 0.694219 1.636283 0.000000 0.000000 0.000000
0.773529 4.641176 0.773529 0.081459 -0.267034 0.852308 0.000000 0.000000 0.000000
0.773529 5.414706 0.000000 -0.359891 -1.607641 -0.305262 0.000000 0.000000 0.000000
0.000000 4.641176 1.547059 0.224473 -0.401306 -0.947408 0.000000 0.000000 0.000000
0.000000 5.414706 2.320588 -0.615161 -1.040791 -1.812305 0.000000 0.000000 0.000000
0.773529 4.641176 2.320588 -0.116705 2.597767 0.156427 0.000000 0.000000 0.000000
0.773529 5.414706 1.547059 -1.011112 0.514830 0.733418 0.000000 0.000000 0.000000
0.000000 4.641176 3.094118 -0.647236 0.790820 -0.398072 0.000000 0.000000 0.000000
0.000000 5.414706 3.867647 0.700187 -0.193187 -1.417943 0.000000 0.000000 0.000000
0.773529 4.641176 3.867647 -1.019427 1.779244 0.669108 0.000000 0.000000 0.000000
0.773529 5.414706 3.094118 0.436007 0.513595 -2.219023 0.000000 0.000000 0.000000
0.000000 4.641176 4.641176 -0.879230 -0.205326 -0.440488 0.000000 0.000000 0.000000
0.000000 5.414706 5.414706 -0.513067 -0.918421 -1.499454 0.000000 0.000000 0.000000
0.773529 4.641176 5.414706 1.640309 -1.161469 0.129621 0.000000 0.000000 0.000000
0.773529 5.414706 4.641176 -0.469456 0.854996 0.687979 0.000000 0.000000 0.000000
1.547059 0.000000 0.000000 0.049475 0.499513 -0.633315 0.000000 0.000000 0.000000
1.547059 0.773529 0.773529 0.515683 -1.493516 0.032859 0.000000 0.000000 0.000000
2.320588 0.000000 0.773529 0.644268 -0.576058 0.193422 0.000000 0.000000 0.000000
2.320588 0.773529 0.000000 -0.458151 -1.328807 -0.517360 0.000000 0.000000 0.000000
1.547059 0.000000 1.547059 -0.459774 1.476026 -0.703109 0.000000 0.000000 0.000000
1.547059 0.773529 2.320588 0.412586 0.319732 -1.312421 0.000000 0.000000 0.000000
2.320588 0.000000 2.320588 1.674034 -0.349842 1.306667 0.000000 0.000000 0.000000
2.320588 0.773529 1.547059 -0.640112 -0.713830 -1.419099 0.000000 0.000000 0.000000
1.547059 0.000000 3.094118 -2.118079 -0.129795 -0.856500 0.000000 0.000000 0.000000
1.547059 0.773529 3.867647 -1.554959 -0.740908 -0.222504 0.000000 0.000000 0.000000
2.320588 0.000000 3.867647 0.706613 0.999595 0.503224 0.000000 0.000000 0.000000
2.320588 0.773529 3.094118 1.633195 -2.840667 0.621049 0.000000 0.000000 0.000000
1.547059 0.000000 4.641176 -0.844567 -0.378579 0.224237 0.000000 0.000000 0.000000
1.547059 0.773529 5.414706 -0.195347 -0.569901 0.063228 0.000000 0.000000 0.000000
2.320588 0.000000 5.414706 -0.865939 -0.024865 -1.119749 0.000000 0.000000 0.000000
2.320588 0.773529 4.641176 1.606330 0.294643 0.245266 0.000000 0.000000 0.000000
1.547059 1.547059 0.000000 0.198620 0.506064 -0.286220 0.000000 0.000000 0.000000
1.547059 2.320588 0.773529 0.174085 -0.375118 0.281277 0.000000 0.000000 0.000000
2.320588 1.547059 0.773529 0.390357 0.125961 0.979564 0.000000 0.000000 0.000000
2.320588 2.320588 0.000000 1.283247 -0.837956 0.235988 0.000000 0.000000 0.000000
1.547059 1.547059 1.547059 -1.062514 0.371531 -0.512915 0.000000 0.000000 0.000000
1.547059 2.320588 2.320588 1.399038 -0.434251 -1.867917 0.000000 0.000000 0.000000
2.320588 1.547059 2.320588 -0.651846 0.761578 -0.337103 0.000000 0.000000 0.000000
2.320588 2.320588 1.547059 1.268029 -1.382077 -1.494258 0.000000 0.000000 0.000000
1.547059 1.547059 3.094118 0.262844 0.056642 0.946835 0.000000 0.000000 0.000000
1.547059 2.320588 3.867647 -2.032262 0.432705 -0.359867 0.000000 0.000000 0.000000
2.320588 1.547059 3.867647 0.788881 -0.907000 0.898883 0.000000 0.000000 0.000000
2.320588 2.320588 3.094118 -0.632018 -0.787952 -2.076642 0.000000 0.000000 0.000000
1.547059 1.547059 4.641176 -0.328480 0.958055 0.658000 0.000000 0.000000 0.000000
1.547059 2.320588 5.414706 -1.139602 0.405147 1.254937 0.000000 0.000000 0.000000
2.320588 1.547059 5.414706 -0.513159 -1.195520 1.723146 0.000000 0.000000 0.000000
2.320588 2.320588 4.641176 -1.089832 -0.448605 1.136501 0.000000 0.000000 0.000000
1.547059 3.094118 0.000000 0.532806 1.247940 -0.430489 0.000000 0.000000 0.000000
1.547059 3.867647 0.773529 0.463228 -0.497523 -0.573868 0.000000 0.000000 0.000000
2.320588 3.094118 0.773529 0.573119 -0.627144 0.201853 0.000000 0.000000 0.000000
2.320588 3.867647 0.000000 -1.315696 0.235327 0.055178 0.000000 0.000000 0.000000
1.547059 3.094118 1.547059 0.934096 1.344679 0.381284 0.000000 0.000000 0.000000
1.547059 3.867647 2.320588 -2.412443 -0.717800 -0.108283 0.000000 0.000000 0.000000
2.320588 3.094118 2.320588 1.503352 0.615488 0.597964 0.000000 0.000000 0.000000
2.320588 3.867647 1.547059 -0.802170 0.631724 0.763015 0.000000 0.000000 0.000000
1.547059 3.094118 3.094118 0.911061 0.434308 -0.802613 0.000000 0.000000 0.000000
1.547059 3.867647 3.867647 -0.285856 -0.242490 0.309767 0.000000 0.000000 0.000000
2.320588 3.094118 3.867647 -0.914826 -0.773226 1.014722 0.000000 0.000000 0.000000
2.320588 3.867647 3.094118 -0.314286 2.123854 -1.272324 0.000000 0.000000 0.000000
1.547059 3.094118 4.641176 -1.549171 0.653768 -1.327060 0.000000 0.000000 0.000000
1.547059 3.867647 5.414706 -0.705916 -0.281784 -0.513317 0.000000 0.000000 0.000000
2.320588 3.094118 5.414706 -0.102631 -0.928288 0.455294 0.000000 0.000000 0.000000
2.320588 3.867647 4.641176 1.733849 -0.293328 0.649125 0.000000 0.000000 0.000000
1.547059 4.641176 0.000000 0.025101 -0.153662 -0.654014 0.000000 0.000000 0.000000
1.547059 5.414706 0.773529 0.403652 -1.820333 0.448808 0.000000 0.000000 0.000000
2.320588 4.641176 0.773529 0.053952 0.392942 0.782338 0.000000 0.000000 0.000000
2.320588 5.414706 0.000000 -1.030831 -0.277225 -2.303367 0.000000 0.000000 0.000000
1.547059 4.641176 1.547059 -1.625645 -0.709313 -1.912620 0.000000 0.000000 0.000000
1.547059 5.414706 2.320588 0.959482 -0.899367 -0.315782 0.000000 0.000000 0.000000
2.320588 4.641176 2.320588 0.387848 1.371321 1.225881 0.000000 0.000000 0.000000
2.320588 5.414706 1.547059 -0.017687 -0.133126 2.161471 0.000000 0.000000 0.000000
1.547059 4.641176 3.094118 -0.398343 1.366956 -0.903491 0.000000 0.000000 0.000000
1.547059 5.414706 3.867647 -1.604724 -2.157703 -0.561385 0.000000 0.000000 0.000000
2.320588 4.641176 3.867647 -0.722523 -0.687230 0.102106 0.000000 0.000000 0.000000
2.320588 5.414706 3.094118 -1.926682 -0.844546 -1.195573 0.000000 0.000000 0.000000
1.547059 4.641176 4.641176 -0.185931 0.435021 -0.341889 0.000000 0.000000 0.000000
1.547059 5.414706 5.414706 -2.776705 -0.056138 -0.253517 0.000000 0.000000 0.000000
2.320588 4.641176 5.414706 0.388101 -0.588539 -1.593591 0.000000 0.000000 0.000000
2.320588 5.414706 4.641176 -0.666373 0.028062 1.027378 0.000000 0.000000 0.000000
3.094118 0.000000 0.000000 -0.745824 -0.158411 2.221650 0.000000 0.000000 0.000000
3.094118 0.773529 0.773529 -1.722019 -1.167876 -0.025442 0.000000 0.000000 0.000000
3.867647 0.000000 0.773529 1.632006 -0.989047 0.997869 0.000000 0.000000 0.000000
3.867647 0.773529 0.000000 -1.832575 0.359931 0.579716 0.000000 0.000000 0.000000
3.094118 0.000000 1.547059 0.395171 0.245547 -0.902810 0.000000 0.000000 0.000000
3.094118 0.773529 2.320588 -0.753495 0.910279 1.862007 0.000000 0.000000 0.000000
3.867647 0.000000 2.320588 -1.245365 -0.738465 1.579917 0.000000 0.000000 0.000000
3.867647 0.773529 1.547059 -0.405411 -0.244729 0.404898 0.000000 0.000000 0.000000
3.094118 0.000000 3.094118 -0.400256 0.434771 -1.099624 0.000000 0.000000 0.000000
3.094118 0.773529 3.867647 2.149056 1.157489 -1.384462 0.000000 0.000000 0.000000
3.867647 0.000000 3.867647 -1.782679 2.024011 -1.383663 0.000000 0.000000 0.000000
3.867647 0.773529 3.094118 1.407440 1.955595 -0.372238 0.000000 0.000000 0.000000
3.094118 0.000000 4.641176 0.547312 0.218656 -0.536736 0.000000 0.000000 0.000000
3.094118 0.773529 5.414706 -0.271489 0.848208 0.990763 0.000000 0.000000 0.000000
3.867647 0.000000 5.414706 1.083689 -0.417754 1.706490 0.000000 0.000000 0.000000
3.867647 0.773529 4.641176 0.163202 -0.571626 0.178772 0.000000 0.000000 0.000000
3.094118 1.547059 0.000000 0.446030 0.098014 1.769349 0.000000 0.000000 0.000000
3.094118 2.320588 0.773529 1.142331 -0.440481 -0.001956 0.000000 0.000000 0.000000
3.867647 1.547059 0.773529 0.337507 0.867937 -0.055158 0.000000 0.000000 0.000000
3.867647 2.320588 0.000000 -0.753327 -0.367692 0.241941 0.000000 0.000000 0.000000
3.094118 1.547059 1.547059 1.293280 0.482326 -0.266848 0.000000 0.000000 0.000000
3.094118 2.320588 2.320588 -2.759683 1.959828 -0.311336 0.000000 0.000000 0.000000
3.867647 1.547059 2.320588 -0.822160 -1.287517 1.821544 0.000000 0.000000 0.000000
3.867647 2.320588 1.547059 -0.925489 1.426646 1.175100 0.000000 0.000000 0.000000
3.094118 1.547059 3.094118 -0.166396 -0.800814 0.634441 0.000000 0.000000 0.000000
3.094118 2.320588 3.867647 -0.137412 0.734791 -0.526415 0.000000 0.000000 0.000000
3.867647 1.547059 3.867647 0.386642 -0.945868 -1.231473 0.000000 0.000000 0.000000
3.867647 2.320588 3.094118 0.842009 1.237961 -1.019804 0.000000 0.000000 0.000000
3.094118 1.547059 4.641176 -0.162861 1.019931 0.725424 0.000000 0.000000 0.000000
3.094118 2.320588 5.414706 -0.221855 -1.083807 0.983709 0.000000 0.000000 0.000000
3.867647 1.547059 5.414706 0.198079 0.589186 -2.038066 0.000000 0.000000 0.000000
3.867647 2.320588 4.641176 -0.781563 0.306729 1.345490 0.000000 0.000000 0.000000
3.094118 3.094118 0.000000 -0.930202 2.644749 0.642563 0.000000 0.000000 0.000000
3.094118 3.867647 0.773529 0.605718 0.723361 -1.030766 0.000000 0.000000 0.000000
3.867647 3.094118 0.773529 1.810769 -0.552537 0.336350 0.000000 0.000000 0.000000
3.867647 3.867647 0.000000 0.705251 0.982428 -0.434651 0.000000 0.000000 0.000000
3.094118 3.094118 1.547059 0.445478 0.339389 0.361649 0.000000 0.000000 0.000000
3.094118 3.867647 2.320588 1.606013 2.239699 1.244044 0.000000 0.000000 0.000000
3.867647 3.094118 2.320588 -1.441778 -0.143485 -0.070578 0.000000 0.000000 0.000000
3.867647 3.867647 1.547059 -0.677563 -0.379982 1.998950 0.000000 0.000000 0.000000
3.094118 3.094118 3.094118 -1.082911 -1.078416 -1.442697 0.000000 0.000000 0.000000
3.094118 3.867647 3.867647 1.329545 -0.309858 0.180177 0.000000 0.000000 0.000000
3.867647 3.094118 3.867647 -0.771972 0.579824 0.516856 0.000000 0.000000 0.000000
3.867647 3.867647 3.094118 -1.346274 -0.768139 -0.182035 0.000000 0.000000 0.000000
3.094118 3.094118 4.641176 0.080603 -0.536576 -0.202541 0.000000 0.000000 0.000000
3.094118 3.867647 5.414706 -0.207283 -0.844744 -1.594355 0.000000 0.000000 0.000000
3.867647 3.094118 5.414706 1.140584 -1.206229 -1.757456 0.000000 0.000000 0.000000
3.867647 3.867647 4.641176 0.741168 -1.757854 0.090595 0.000000 0.000000 0.000000
3.094118 4.641176 0.000000 0.350747 -1.358241 0.050730 0.000000 0.000000 0.000000
3.094118 5.414706 0.773529 0.888533 0.698376 -0.471073 0.000000 0.000000 0.000000
3.867647 4.641176 0.773529 0.050430 -2.177776 0.965261 0.000000 0.000000 0.000000
3.867647 5.414706 0.000000 -0.011386 1.774701 0.769871 0.000000 0.000000 0.000000
3.094118 4.641176 1.547059 -0.161892 -0.043665 0.033305 0.000000 0.000000 0.000000
3.094118 5.414706 2.320588 -1.339878 -1.152825 0.236791 0.000000 0.000000 0.000000
3.867647 4.641176 2.320588 -2.161177 1.337309 -1.082226 0.000000 0.000000 0.000000
3.867647 5.414706 1.547059 0.875569 0.198399 1.791965 0.000000 0.000000 0.000000
3.094118 4.641176 3.094118 0.236762 0.086516 0.644421 0.000000 0.000000 0.000000
3.094118 5.414706 3.867647 0.125243 -1.204425 1.207624 0.000000 0.000000 0.000000
3.867647 4.641176 3.867647 -2.944673 -0.540117 1.811628 0.000000 0.000000 0.000000
3.867647 5.414706 3.094118 0.288116 -0.380064 0.727948 0.000000 0.000000 0.000000
3.094118 4.641176 4.641176 1.028827 -1.598531 1.056529 0.000000 0.000000 0.000000
3.094118 5.414706 5.414706 -0.573785 -1.252375 0.694247 0.000000 0.000000 0.000000
3.867647 4.641176 5.414706 -1.284789 1.675455 0.594903 0.000000 0.000000 0.000000
3.867647 5.414706 4.641176 -2.127821 -0.429306 -0.904237 0.000000 0.000000 0.000000
4.641176 0.000000 0.000000 0.936167 0.202939 0.317280 0.000000 0.000000 0.000000
4.641176 0.773529 0.773529 -1.206450 0.014374 1.419021 0.000000 0.000000 0.000000
5.414706 0.000000 0.773529 1.132177 -0.785335 0.349997 0.000000 0.000000 0.000000
5.414706 0.773529 0.000000 -1.010073 1.319771 0.650401 0.000000 0.000000 0.000000
4.641176 0.000000 1.547059 1.094533 -1.024619 0.669299 0.000000 0.000000 0.000000
4.641176 0.773529 2.320588 -0.390913 0.086095 0.260617 0.000000 0.000000 0.000000
5.414706 0.000000 2.320588 0.920554 1.046253 -1.495746 0.000000 0.000000 0.000000
5.414706 0.773529 1.547059 0.678106 0.042529 -1.425535 0.000000 0.000000 0.000000
4.641176 0.000000 3.094118 1.218377 1.456079 -0.137558 0.000000 0.000000 0.000000
4.641176 0.773529 3.867647 1.333751 -0.449524 -0.561987 0.000000 0.000000 0.000000
5.414706 0.000000 3.867647 0.411666 1.752421 0.450323 0.000000 0.000000 0.000000
5.414706 0.773529 3.094118 1.646459 -0.536255 0.390552 0.000000 0.000000 0.000000
4.641176 0.000000 4.641176 -1.596005 0.590119 -3.414268 0.000000 0.000000 0.000000
4.641176 0.773529 5.414706 -1.503325 -0.274101 -0.215461 0.000000 0.000000 0.000000
5.414706 0.000000 5.414706 1.881290 -0.598167 -0.023863 0.000000 0.000000 0.000000
5.414706 0.773529 4.641176 0.096641 -1.708266 -1.266051 0.000000 0.000000 0.000000
4.641176 1.547059 0.000000 -0.903448 0.687412 -0.035627 0.000000 0.000000 0.000000
4.641176 2.320588 0.773529 -0.078266 0.107110 1.201866 0.000000 0.000000 0.000000
5.414706 1.547059 0.773529 -0.046596 1.460667 0.524076 0.000000 0.000000 0.000000
5.414706 2.320588 0.000000 0.600801 -1.915632 -0.328174 0.000000 0.000000 0.000000
4.641176 1.547059 1.547059 -0.189612 -0.000014 -1.995398 0.000000 0.000000 0.000000
4.641176 2.320588 2.320588 1.895754 -0.495380 1.122459 0.000000 0.000000 0.000000
5.414706 1.547059 2.320588 -1.210827 -0.755489 1.272135 0.000000 0.000000 0.000000
5.414706 2.320588 1.547059 -0.253676 -0.474828 0.366028 0.000000 0.000000 0.000000
4.641176 1.547059 3.094118 -1.222132 -0.315751 -1.718714 0.000000 0.000000 0.000000
4.641176 2.320588 3.867647 0.780754 0.556636 0.389760 0.000000 0.000000 0.000000
5.414706 1.547059 3.867647 -1.257386 0.600156 1.029938 0.000000 0.000000 0.000000
5.414706 2.320588 3.094118 -0.779194 -0.959401 -0.806220 0.000000 0.000000 0.000000
4.641176 1.547059 4.641176 0.771575 0.601476 -0.502668 0.000000 0.000000 0.000000
4.641176 2.320588 5.414706 0.199995 -1.172802 0.020735 0.000000 0.000000 0.000000
5.414706 1.547059 5.414706 -0.909171 -0.630636 0.485822 0.000000 0.000000 0.000000
5.414706 2.320588 4.641176 0.066837 -0.149384 -0.586745 0.000000 0.000000 0.000000
4.641176 3.094118 0.000000 -0.137705 -0.296529 0.481450 0.000000 0.000000 0.000000
4.641176 3.867647 0.773529 -0.842327 0.757552 -0.715381 0.000000 0.000000 0.000000
5.414706 3.094118 0.773529 -0.145447 -0.189637 -0.651473 0.000000 0.000000 0.000000
5.414706 3.867647 0.000000 -0.538220 -0.260138 -0.696859 0.000000 0.000000 0.000000
4.641176 3.094118 1.547059 0.094832 -1.352181 0.531576 0.000000 0.000000 0.000000
4.641176 3.867647 2.320588 0.524042 -1.872147 -0.237039 0.000000 0.000000 0.000000
5.414706 3.094118 2.320588 0.247177 0.220041 -0.434369 0.000000 0.000000 0.000000
5.414706 3.867647 1.547059 0.833873 1.068281 -0.781026 0.000000 0.000000 0.000000
4.641176 3.094118 3.094118 0.160037 -0.706310 -1.826226 0.000000 0.000000 0.000000
4.641176 3.867647 3.867647 -0.703322 0.986354 1.020476 0.000000 0.000000 0.000000
5.414706 3.094118 3.867647 -0.308636 0.897635 -0.806099 0.000000 0.000000 0.000000
5.414706 3.867647 3.094118 2.024284 0.942324 -0.016614 0.000000 0.000000 0.000000
4.641176 3.094118 4.641176 1.018527 0.202753 1.514364 0.000000 0.000000 0.000000
4.641176 3.867647 5.414706 1.401684 0.120420 1.810699 0.000000 0.000000 0.000000
5.414706 3.094118 5.414706 -2.142075 0.453741 1.641258 0.000000 0.000000 0.000000
5.414706 3.867647 4.641176 0.667722 -0.009228 -0.518174 0.000000 0.000000 0.000000
4.641176 4.641176 0.000000 -1.079609 0.056464 -0.077126 0.000000 0.000000 0.000000
4.641176 5.414706 0.773529 -1.886889 1.223250 -1.423150 0.000000 0.000000 0.000000
5.414706 4.641176 0.773529 0.936535 1.626438 1.219712 0.000000 0.000000 0.000000
5.414706 5.414706 0.000000 -0.247564 0.914539 0.091548 0.000000 0.000000 0.000000
4.641176 4.641176 1.547059 1.229469 0.948921 -0.502970 0.000000 0.000000 0.000000
4.641176 5.414706 2.320588 -0.916655 0.652591 0.893731 0.000000 0.000000 0.000000
5.414706 4.641176 2.320588 0.558864 -1.657562 1.332664 0.000000 0.000000 0.000000
5.414706 5.414706 1.547059 0.606817 -0.614436 1.396595 0.000000 0.000000 0.000000
4.641176 4.641176 3.094118 -2.212605 -1.924479 -1.424280 0.000000 0.000000 0.000000
4.641176 5.414706 3.867647 0.538748 -1.564575 -0.077196 0.000000 0.000000 0.000000
5.414706 4.641176 3.867647 1.691272 1.796089 0.499048 0.000000 0.000000 0.000000
5.414706 5.414706 3.094118 -0.796538 -0.392743 -0.097274 0.000000 0.000000 0.000000
4.641176 4.641176 4.641176 1.288781 -0.856180 -0.104208 0.000000 0.000000 0.000000
4.641176 5.414706 5.414706 -0.461187 -1.266372 -1.465924 0.000000 0.000000 0.000000
5.414706 4.641176 5.414706 0.455246 0.265014 -0.371489 0.000000 0.000000 0.000000
5.414706 5.414706 4.641176 -0.372931 -0.082130 -0.277764 0.000000 0.000000 0.000000
