6.799581 6.796474 0.001298 -0.209640 -1.762803 0.648869 -3.990857 -3.990857 -3.990857
6.799136 0.772492 0.774805 -0.432103 -0.518466 0.637888 -8.242126 0.179109 0.179109
0.775927 6.798997 0.773860 1.199170 -0.501488 0.165632 0.179109 -8.242126 0.179109
0.776432 0.772367 0.002425 1.451720 -0.580928 1.212713 0.179109 0.179109 -8.242126
6.798453 0.000521 1.547694 -0.773476 0.260511 0.317586 -6.116491 -6.116491 -0.000091
0.000731 0.774566 2.319524 0.365590 0.518387 -0.532103 -8.242126 0.179109 0.000139
0.774592 6.797690 2.321719 0.531614 -1.154802 0.565295 0.179109 -8.242126 0.000139
0.772988 0.775439 1.548283 -0.270513 0.954868 0.611855 0.179156 0.179156 -0.000186
6.798169 6.797107 3.096931 -0.915584 -1.446259 1.406486 -6.116491 -6.116491 -0.000088
6.798835 0.774684 3.866726 -0.582569 0.577497 -0.460485 -8.242176 0.179109 0.000000
0.775873 6.798952 3.869286 1.172236 -0.524246 0.819443 0.179109 -8.242176 0.000000
0.772663 0.773423 3.094640 -0.432891 -0.052923 0.260766 0.179156 0.179156 -0.000182
0.000227 0.000488 4.643732 0.113273 0.243815 1.278066 -6.116491 -6.116491 -0.178882
6.799011 0.774910 5.413539 -0.494622 0.690385 -0.583291 -6.116441 0.179062 6.116353
0.771752 0.001401 5.413400 -0.888356 0.700530 -0.653145 0.179062 -6.116441 6.116353
0.774635 0.777735 4.641955 0.552828 2.103238 0.389525 0.179156 0.179156 -0.178788
0.000112 1.548225 6.797783 0.056046 0.583229 -1.108372 -6.116491 -0.000091 -6.116491
0.004327 2.321067 0.768538 2.163663 0.239317 -2.495630 -8.242126 0.000139 0.179109
0.774946 1.544806 0.771901 0.708683 -1.126723 -0.813954 0.179156 -0.000186 0.179156
0.773571 2.321911 0.002141 0.020900 0.661736 1.070717 0.179109 0.000139 -8.242126
6.798652 1.548007 1.547644 -0.673939 0.473987 0.292748 -8.242126 -0.000139 -0.000139
0.000650 2.320033 2.322472 0.325093 -0.277726 0.941884 -8.242126 0.000139 0.000139
0.771634 1.548850 2.319851 -0.947552 0.895400 -0.368637 0.179156 -0.000186 0.000186
0.777309 2.319746 1.546043 1.890103 -0.421033 -0.508016 0.179156 0.000186 -0.000186
0.001186 1.548212 3.091645 0.592792 0.576384 -1.236375 -8.242126 -0.000139 -0.000135
0.001705 2.317698 3.867464 0.852254 -1.444854 -0.091496 -8.242176 0.000139 0.000000
0.775403 1.547979 3.870934 0.937097 0.459942 1.643349 0.179156 -0.000186 0.000000
0.770741 2.323095 3.093353 -1.393830 1.253433 -0.382256 0.179156 0.000186 -0.000182
0.002634 1.549364 4.644295 1.316950 1.152551 1.559295 -8.242126 -0.000139 -0.178835
6.799258 2.320517 5.414463 -0.371249 -0.035685 -0.121548 -6.116441 0.000091 6.116353
0.776602 1.545957 5.416088 1.536512 -0.550975 0.691132 0.179109 -0.000139 8.241940
0.774765 2.319108 4.642708 0.618204 -0.740161 0.765932 0.179156 0.000186 -0.178788
0.001111 3.094034 6.797534 0.555540 -0.041772 -1.232870 -6.116491 -0.000088 -6.116491
6.794982 3.865288 0.772722 -2.508962 -1.179298 -0.403679 -8.242176 0.000000 0.179109
0.776902 3.095393 0.772036 1.686722 0.637344 -0.746559 0.179156 -0.000182 0.179156
0.774174 3.869815 6.799921 0.322627 1.083948 -0.039306 0.179109 0.000000 -8.242176
0.002807 3.096328 1.544504 1.403722 1.105048 -1.277646 -8.242126 -0.000135 -0.000139
0.001306 3.870758 2.320228 0.653016 1.555405 -0.179813 -8.242176 0.000000 0.000139
0.775287 3.093832 2.318125 0.879093 -0.142852 -1.231384 0.179156 -0.000182 0.000186
0.773430 3.870501 1.545750 -0.049265 1.427132 -0.654307 0.179156 0.000000 -0.000186
6.797103 3.091944 3.093114 -1.448365 -1.086972 -0.501838 -8.242126 -0.000135 -0.000135
0.000624 3.865795 3.865838 0.312089 -0.926249 -0.904492 -8.242227 0.000000 0.000000
0.775725 3.096321 3.866489 1.097762 1.101292 -0.579036 0.179156 -0.000182 0.000000
0.779211 3.869228 3.094725 2.841037 0.790521 0.303654 0.179156 0.000000 -0.000182
0.002997 3.095008 4.640683 1.498677 0.444808 -0.246508 -8.242126 -0.000135 -0.178835
0.001444 3.865772 5.415974 0.722034 -0.937442 0.633982 -6.116491 0.000000 6.116403
0.776348 3.096075 5.416985 1.409352 0.978382 1.139736 0.179109 -0.000135 8.241940
0.772776 3.868175 4.640742 -0.376404 0.263821 -0.216816 0.179156 0.000000 -0.178788
6.799923 4.641550 0.000990 -0.038345 0.186999 0.494866 -6.116491 -0.178882 -6.116491
0.002590 5.416119 0.776802 1.294853 0.706452 1.636641 -6.116441 6.116353 0.179062
0.773693 4.640641 0.775234 0.081817 -0.267392 0.852666 0.179156 -0.178788 0.179156
0.772810 5.411515 6.799365 -0.359533 -1.595408 -0.317495 0.179062 6.116353 -6.116441
0.000416 4.640373 1.545164 0.207989 -0.401664 -0.947408 -8.242126 -0.178835 -0.000139
6.798745 5.412649 2.316963 -0.627394 -1.028558 -1.812305 -6.116441 6.116353 0.000091
0.773296 4.646371 2.320901 -0.116347 2.597409 0.156427 0.179156 -0.178788 0.000186
0.771507 5.415769 1.548526 -1.010754 0.531314 0.733418 0.179109 8.241940 -0.000139
6.798673 4.642757 3.093322 -0.663720 0.790462 -0.398072 -8.242126 -0.178835 -0.000135
0.001376 5.414344 3.864811 0.687954 -0.180954 -1.417943 -6.116491 6.116403 0.000000
0.771491 4.644734 3.868985 -1.019069 1.778886 0.669108 0.179156 -0.178788 0.000000
0.774402 5.415766 3.089680 0.436365 0.530079 -2.219023 0.179109 8.241940 -0.000135
6.798209 4.640765 4.640294 -0.895714 -0.205684 -0.440846 -8.242126 -0.178835 -0.178835
6.798958 5.412885 5.411723 -0.521049 -0.910440 -1.491473 -3.990756 3.990715 3.990715
0.776810 4.638852 5.414998 1.640667 -1.161827 0.146105 0.179109 -0.178835 8.241940
0.772591 5.416449 4.642551 -0.469098 0.871480 0.687621 0.179109 8.241940 -0.178835
1.547158 0.000975 6.798709 0.049475 0.487280 -0.645548 -0.000091 -6.116491 -6.116491
1.548090 0.770543 0.773595 0.515683 -1.493158 0.033217 -0.000186 0.179156 0.179156
2.321877 6.798815 0.773917 0.644268 -0.592542 0.193780 0.000139 -8.242126 0.179109
2.319672 0.770872 6.798932 -0.458151 -1.328449 -0.533844 0.000139 0.179109 -8.242126
1.546139 0.002919 1.545653 -0.459774 1.459542 -0.703109 -0.000139 -8.242126 -0.000139
1.547884 0.774169 2.317963 0.412586 0.320090 -1.312421 -0.000186 0.179156 0.000186
2.323936 6.799267 2.323201 1.674034 -0.366326 1.306667 0.000139 -8.242126 0.000139
2.319308 0.772102 1.544221 -0.640112 -0.713472 -1.419099 0.000186 0.179156 -0.000186
1.542823 6.799707 3.092405 -2.118079 -0.146279 -0.856500 -0.000139 -8.242126 -0.000135
1.543949 0.772048 3.867202 -1.554959 -0.740550 -0.222504 -0.000186 0.179156 0.000000
2.322001 0.001966 3.868653 0.706613 0.983111 0.503224 0.000139 -8.242176 0.000000
2.323854 0.767848 3.095360 1.633195 -2.840309 0.621049 0.000186 0.179156 -0.000182
1.545370 6.799210 4.641624 -0.844567 -0.395063 0.223879 -0.000139 -8.242126 -0.178835
1.546668 0.772390 5.414865 -0.195347 -0.569543 0.079712 -0.000139 0.179109 8.241940
2.318856 6.799926 5.412491 -0.865939 -0.037098 -1.107516 0.000091 -6.116441 6.116353
2.323801 0.774119 4.641666 1.606330 0.295001 0.244908 0.000186 0.179156 -0.178788
1.547456 1.548071 6.799395 0.198620 0.506064 -0.302704 -0.000139 -0.000139 -8.242126
1.547407 2.319838 0.774092 0.174085 -0.375118 0.281635 -0.000186 0.000186 0.179156
2.321369 1.547311 0.775489 0.390357 0.125961 0.979922 0.000186 -0.000186 0.179156
2.323154 2.318912 0.000439 1.283247 -0.837956 0.219504 0.000139 0.000139 -8.242126
1.544934 1.547802 1.546033 -1.062514 0.371531 -0.512915 -0.000186 -0.000186 -0.000186
1.549857 2.319719 2.316852 1.399038 -0.434251 -1.867917 -0.000186 0.000186 0.000186
2.319284 1.548582 2.319914 -0.651846 0.761578 -0.337103 0.000186 -0.000186 0.000186
2.323124 2.317824 1.544070 1.268029 -1.382077 -1.494258 0.000186 0.000186 -0.000186
1.547585 1.547172 3.096012 0.262844 0.056642 0.946835 -0.000186 -0.000186 -0.000182
1.542994 2.321453 3.866927 -2.032262 0.432705 -0.359867 -0.000186 0.000186 0.000000
2.322166 1.545245 3.869445 0.788881 -0.907000 0.898883 0.000186 -0.000186 0.000000
2.319324 2.319012 3.089965 -0.632018 -0.787952 -2.076642 0.000186 0.000186 -0.000182
1.546402 1.548975 4.642491 -0.328480 0.958055 0.657642 -0.000186 -0.000186 -0.178788
1.544780 2.321398 5.417249 -1.139602 0.405147 1.271421 -0.000139 0.000139 8.241940
2.319562 1.544668 5.418185 -0.513159 -1.195520 1.739630 0.000139 -0.000139 8.241940
2.318408 2.319691 4.643448 -1.089832 -0.448605 1.136143 0.000186 0.000186 -0.178788
1.548125 3.096614 6.799106 0.532806 1.247940 -0.446973 -0.000139 -0.000135 -8.242126
1.547985 3.866652 0.772382 0.463228 -0.497523 -0.573510 -0.000186 0.000000 0.179156
2.321734 3.092864 0.773933 0.573119 -0.627144 0.202211 0.000186 -0.000182 0.179156
2.317957 3.868118 0.000077 -1.315696 0.235327 0.038694 0.000139 0.000000 -8.242176
1.548927 3.096807 1.547822 0.934096 1.344679 0.381284 -0.000186 -0.000182 -0.000186
1.542234 3.866211 2.320371 -2.412443 -0.717800 -0.108283 -0.000186 0.000000 0.000186
2.323595 3.095349 2.321784 1.503352 0.615488 0.597964 0.000186 -0.000182 0.000186
2.318984 3.868910 1.548585 -0.802170 0.631724 0.763015 0.000186 0.000000 -0.000186
1.548881 3.094987 3.092513 0.911061 0.434308 -0.802613 -0.000186 -0.000182 -0.000182
1.546487 3.867162 3.868267 -0.285856 -0.242490 0.309767 -0.000186 0.000000 0.000000
2.318758 3.092572 3.869676 -0.914826 -0.773226 1.014722 0.000186 -0.000182 0.000000
2.319959 3.871895 3.091573 -0.314286 2.123854 -1.272324 0.000186 0.000000 -0.000182
1.543961 3.095426 4.638521 -1.549171 0.653768 -1.327418 -0.000186 -0.000182 -0.178788
1.545647 3.867083 5.413712 -0.705916 -0.281784 -0.496833 -0.000139 0.000000 8.241990
2.320383 3.092261 5.415650 -0.102631 -0.928288 0.471778 0.000139 -0.000135 8.241940
2.324056 3.867060 4.642474 1.733849 -0.293328 0.648767 0.000186 0.000000 -0.178788
1.547109 4.640868 6.798659 0.025101 -0.154020 -0.670498 -0.000139 -0.178835 -8.242126
1.547866 5.411098 0.774427 0.403652 -1.803849 0.449166 -0.000139 8.241940 0.179109
2.320696 4.641961 0.775094 0.053952 0.392584 0.782696 0.000186 -0.178788 0.179156
2.318526 5.414176 6.795369 -1.030831 -0.264992 -2.315600 0.000091 6.116353 -6.116441
1.543808 4.639757 1.543234 -1.625645 -0.709671 -1.912620 -0.000186 -0.178788 -0.000186
1.548978 5.412940 2.319956 0.959482 -0.882883 -0.315782 -0.000139 8.241940 0.000139
2.321364 4.643918 2.323040 0.387848 1.370963 1.225881 0.000186 -0.178788 0.000186
2.320553 5.414473 1.551382 -0.017687 -0.116642 2.161471 0.000139 8.241940 -0.000139
1.546262 4.643909 3.092311 -0.398343 1.366598 -0.903491 -0.000186 -0.178788 -0.000182
1.543850 5.410424 3.866524 -1.604724 -2.141219 -0.561385 -0.000139 8.241990 0.000000
2.319143 4.639801 3.867851 -0.722523 -0.687588 0.102106 0.000186 -0.178788 0.000000
2.316735 5.413050 3.091727 -1.926682 -0.828062 -1.195573 0.000139 8.241940 -0.000135
1.546687 4.642045 4.640492 -0.185931 0.434663 -0.342247 -0.000186 -0.178788 -0.178788
1.541506 5.414618 5.414223 -2.776705 -0.043905 -0.241284 -0.000091 6.116302 6.116302
2.321364 4.639998 5.411552 0.388101 -0.588897 -1.577107 0.000139 -0.178835 8.241940
2.319255 5.414795 4.643230 -0.666373 0.044546 1.027020 0.000139 8.241940 -0.178835
3.092626 6.799659 0.004419 -0.745824 -0.170644 2.209417 -0.000088 -6.116491 -6.116491
3.090674 0.771194 0.773479 -1.722019 -1.167518 -0.025084 -0.000182 0.179156 0.179156
3.870911 6.797989 0.775525 1.632006 -1.005531 0.998227 0.000000 -8.242176 0.179109
3.863982 0.774250 0.001126 -1.832575 0.360289 0.563232 0.000000 0.179109 -8.242176
3.094908 0.000458 1.545253 0.395171 0.229063 -0.902810 -0.000135 -8.242126 -0.000139
3.092611 0.775350 2.324312 -0.753495 0.910637 1.862007 -0.000182 0.179156 0.000186
3.865156 6.798490 2.323748 -1.245365 -0.754949 1.579917 0.000000 -8.242176 0.000139
3.866836 0.773040 1.547869 -0.405411 -0.244371 0.404898 -0.000000 0.179156 -0.000186
3.093317 0.000837 3.091919 -0.400256 0.418287 -1.099624 -0.000135 -8.242126 -0.000135
3.098416 0.775845 3.864878 2.149056 1.157847 -1.384462 -0.000182 0.179156 0.000000
3.864082 0.004015 3.864880 -1.782679 2.007527 -1.383663 0.000000 -8.242227 0.000000
3.870462 0.777441 3.093374 1.407440 1.955953 -0.372238 -0.000000 0.179156 -0.000182
3.095213 0.000404 4.640102 0.547312 0.202172 -0.537094 -0.000135 -8.242126 -0.178835
3.093575 0.775226 5.416720 -0.271489 0.848566 1.007247 -0.000135 0.179109 8.241940
3.869814 6.799140 5.418143 1.083689 -0.429987 1.718723 0.000000 -6.116491 6.116403
3.867973 0.772386 4.641533 0.163202 -0.571268 0.178414 -0.000000 0.179156 -0.178788
3.095010 1.547255 0.003506 0.446030 0.098014 1.752865 -0.000135 -0.000139 -8.242126
3.096403 2.319707 0.773526 1.142331 -0.440481 -0.001598 -0.000182 0.000186 0.179156
3.868322 1.548795 0.773419 0.337507 0.867937 -0.054800 -0.000000 -0.000186 0.179156
3.866140 2.319853 0.000451 -0.753327 -0.367692 0.225457 0.000000 0.000139 -8.242176
3.096705 1.548024 1.546525 1.293280 0.482326 -0.266848 -0.000182 -0.000186 -0.000186
3.088599 2.324508 2.319965 -2.759683 1.959828 -0.311336 -0.000182 0.000186 0.000186
3.866003 1.544484 2.324231 -0.822160 -1.287517 1.821544 -0.000000 -0.000186 0.000186
3.865796 2.323441 1.549409 -0.925489 1.426646 1.175100 -0.000000 0.000186 -0.000186
3.093785 1.545457 3.095387 -0.166396 -0.800814 0.634441 -0.000182 -0.000186 -0.000182
3.093843 2.322058 3.866594 -0.137412 0.734791 -0.526415 -0.000182 0.000186 0.000000
3.868420 1.545167 3.865184 0.386642 -0.945868 -1.231473 -0.000000 -0.000186 0.000000
3.869331 2.323064 3.092078 0.842009 1.237961 -1.019804 -0.000000 0.000186 -0.000182
3.093792 1.549099 4.642626 -0.162861 1.019931 0.725066 -0.000182 -0.000186 -0.178788
3.093674 2.318420 5.416706 -0.221855 -1.083807 1.000193 -0.000135 0.000139 8.241940
3.868043 1.548237 5.410663 0.198079 0.589186 -2.021582 -0.000000 -0.000139 8.241990
3.866084 2.321201 4.643866 -0.781563 0.306729 1.345132 -0.000000 0.000186 -0.178788
3.092258 3.099407 0.001252 -0.930202 2.644749 0.626079 -0.000135 -0.000135 -8.242126
3.095329 3.869094 0.771468 0.605718 0.723361 -1.030408 -0.000182 0.000000 0.179156
3.871269 3.093013 0.774202 1.810769 -0.552537 0.336708 -0.000000 -0.000182 0.179156
3.869058 3.869612 6.799098 0.705251 0.982428 -0.451135 0.000000 0.000000 -8.242227
3.095009 3.094797 1.547782 0.445478 0.339389 0.361649 -0.000182 -0.000182 -0.000186
3.097330 3.872126 2.323076 1.606013 2.239699 1.244044 -0.000182 0.000000 0.000186
3.864763 3.093831 2.320447 -1.441778 -0.143485 -0.070578 -0.000000 -0.000182 0.000186
3.866292 3.866887 1.551057 -0.677563 -0.379982 1.998950 -0.000000 0.000000 -0.000186
3.091952 3.091961 3.091233 -1.082911 -1.078416 -1.442697 -0.000182 -0.000182 -0.000182
3.096777 3.867027 3.868007 1.329545 -0.309858 0.180177 -0.000182 0.000000 0.000000
3.866103 3.095278 3.868681 -0.771972 0.579824 0.516856 -0.000000 -0.000182 0.000000
3.864954 3.866111 3.093754 -1.346274 -0.768139 -0.182035 -0.000000 0.000000 -0.000182
3.094279 3.093045 4.640770 0.080603 -0.536576 -0.202899 -0.000182 -0.000182 -0.178788
3.093703 3.865958 5.411550 -0.207283 -0.844744 -1.577871 -0.000135 0.000000 8.241990
3.869928 3.091706 5.411224 1.140584 -1.206229 -1.740972 -0.000000 -0.000135 8.241990
3.869129 3.864131 4.641356 0.741168 -1.757854 0.090237 -0.000000 0.000000 -0.178788
3.094819 4.638459 0.000068 0.350747 -1.358599 0.034246 -0.000135 -0.178835 -8.242126
3.095895 5.416136 0.772588 0.888533 0.714860 -0.470715 -0.000135 8.241940 0.179109
3.867748 4.636820 0.775460 0.050430 -2.178134 0.965619 -0.000000 -0.178788 0.179156
3.867624 5.418280 0.001515 -0.011386 1.786934 0.757638 0.000000 6.116403 -6.116491
3.093794 4.641088 1.547126 -0.161892 -0.044023 0.033305 -0.000182 -0.178788 -0.000186
3.091438 5.412433 2.321062 -1.339878 -1.136341 0.236791 -0.000135 8.241940 0.000139
3.863325 4.643850 2.318424 -2.161177 1.336951 -1.082226 -0.000000 -0.178788 0.000186
3.869398 5.415136 1.550643 0.875569 0.214883 1.791965 -0.000000 8.241990 -0.000139
3.094592 4.641348 3.095407 0.236762 0.086158 0.644421 -0.000182 -0.178788 -0.000182
3.094368 5.412330 3.870062 0.125243 -1.187941 1.207624 -0.000135 8.241990 0.000000
3.861758 4.640095 3.871270 -2.944673 -0.540475 1.811628 -0.000000 -0.178788 0.000000
3.868223 5.413979 3.095574 0.288116 -0.363580 0.727948 -0.000000 8.241990 -0.000135
3.096176 4.637978 4.643288 1.028827 -1.598889 1.056171 -0.000182 -0.178788 -0.178788
3.092970 5.412226 5.416119 -0.573785 -1.240142 0.706480 -0.000088 6.116302 6.116302
3.865077 4.644526 5.415929 -1.284789 1.675097 0.611387 0.000000 -0.178835 8.241990
3.863391 5.413880 4.639367 -2.127821 -0.412822 -0.904595 0.000000 8.241990 -0.178835
4.643048 0.000381 0.000610 0.935809 0.190706 0.305047 -0.178882 -6.116491 -6.116491
4.638762 0.773558 0.776368 -1.206808 0.014732 1.419379 -0.178788 0.179156 0.179156
5.416995 6.798405 0.774230 1.144410 -0.797568 0.350355 6.116353 -6.116441 0.179062
5.412710 0.776169 0.001276 -0.997840 1.320129 0.638168 6.116353 0.179062 -6.116441
4.643364 6.797918 1.548398 1.094175 -1.041103 0.669299 -0.178835 -8.242126 -0.000139
4.640393 0.773702 2.321109 -0.391271 0.086453 0.260617 -0.178788 0.179156 0.000186
5.416572 0.002068 2.317597 0.932787 1.034020 -1.495746 6.116353 -6.116441 0.000091
5.416095 0.773615 1.544208 0.694590 0.042887 -1.425535 8.241940 0.179109 -0.000139
4.643612 0.002879 3.093843 1.218019 1.439595 -0.137558 -0.178835 -8.242126 -0.000135
4.643843 0.772631 3.866523 1.333393 -0.449166 -0.561987 -0.178788 0.179156 0.000000
5.415554 0.003480 3.868548 0.423899 1.740188 0.450323 6.116403 -6.116491 0.000000
5.418032 0.772457 3.094899 1.662943 -0.535897 0.390552 8.241940 0.179109 -0.000135
4.637983 0.001147 4.634347 -1.596363 0.573635 -3.414626 -0.178835 -8.242126 -0.178835
4.638169 0.772982 5.414308 -1.503683 -0.273743 -0.198977 -0.178835 0.179109 8.241940
5.418485 6.798788 5.414674 1.889271 -0.606149 -0.015882 3.990715 -3.990756 3.990715
5.414932 0.770113 4.638643 0.113125 -1.707908 -1.266409 8.241940 0.179109 -0.178835
4.639368 1.548434 6.799896 -0.903806 0.687412 -0.052111 -0.178835 -0.000139 -8.242126
4.641019 2.320802 0.775933 -0.078624 0.107110 1.202224 -0.178788 0.000186 0.179156
5.414646 1.549980 0.774578 -0.030112 1.460667 0.524434 8.241940 -0.000139 0.179109
5.415932 2.316757 6.799319 0.613034 -1.915632 -0.340407 6.116353 0.000091 -6.116441
4.640796 1.547059 1.543068 -0.189970 -0.000014 -1.995398 -0.178788 -0.000186 -0.000186
4.644967 2.319597 2.322833 1.895396 -0.495380 1.122459 -0.178788 0.000186 0.000186
5.412317 1.545548 2.323132 -1.194343 -0.755489 1.272135 8.241940 -0.000139 0.000139
5.414232 2.319638 1.547791 -0.237192 -0.474828 0.366028 8.241940 0.000139 -0.000139
4.638731 1.546427 3.090681 -1.222490 -0.315751 -1.718714 -0.178788 -0.000186 -0.000182
4.642737 2.321701 3.868427 0.780396 0.556636 0.389760 -0.178788 0.000186 0.000000
5.412224 1.548259 3.869707 -1.240902 0.600156 1.029938 8.241990 -0.000139 0.000000
5.413181 2.318669 3.092506 -0.762710 -0.959401 -0.806220 8.241940 0.000139 -0.000135
4.642718 1.548262 4.640170 0.771217 0.601476 -0.503026 -0.178788 -0.000186 -0.178788
4.641575 2.318242 5.414780 0.199637 -1.172802 0.037219 -0.178835 0.000139 8.241940
5.412912 1.545798 5.415702 -0.896938 -0.630636 0.498055 6.116302 -0.000091 6.116302
5.414873 2.320289 4.640002 0.083321 -0.149384 -0.587103 8.241940 0.000139 -0.178835
4.640900 3.093525 0.000930 -0.138063 -0.296529 0.464966 -0.178835 -0.000135 -8.242126
4.639491 3.869162 0.772099 -0.842685 0.757552 -0.715023 -0.178788 0.000000 0.179156
5.414448 3.093739 0.772227 -0.128963 -0.189637 -0.651115 8.241940 -0.000135 0.179109
5.413654 3.867127 6.798582 -0.525987 -0.260138 -0.709092 6.116403 0.000000 -6.116491
4.641365 3.091414 1.548122 0.094474 -1.352181 0.531576 -0.178788 -0.000182 -0.000186
4.642223 3.863903 2.320114 0.523684 -1.872147 -0.237039 -0.178788 0.000000 0.000186
5.415233 3.094558 2.319719 0.263661 0.220041 -0.434369 8.241940 -0.000135 0.000139
5.416407 3.869784 1.545497 0.850357 1.068281 -0.781026 8.241990 0.000000 -0.000139
4.641495 3.092705 3.090466 0.159679 -0.706310 -1.826226 -0.178788 -0.000182 -0.000182
4.639769 3.869620 3.869688 -0.703680 0.986354 1.020476 -0.178788 0.000000 0.000000
5.414122 3.095913 3.866035 -0.292152 0.897635 -0.806099 8.241990 -0.000135 0.000000
5.418788 3.869532 3.094085 2.040768 0.942324 -0.016614 8.241990 0.000000 -0.000135
4.643212 3.094524 4.644204 1.018169 0.202753 1.514006 -0.178788 -0.000182 -0.178788
4.643979 3.867888 5.418360 1.401326 0.120420 1.827183 -0.178835 0.000000 8.241990
5.410446 3.095025 5.418013 -2.129842 0.453741 1.653491 6.116302 -0.000088 6.116302
5.416074 3.867629 4.640139 0.684206 -0.009228 -0.518532 8.241990 0.000000 -0.178835
4.639016 4.641288 6.799813 -1.079967 0.056106 -0.093610 -0.178835 -0.178835 -8.242126
4.637402 5.417185 0.770683 -1.887247 1.239734 -1.422792 -0.178835 8.241940 0.179109
5.416612 4.644428 0.775969 0.953019 1.626080 1.220070 8.241940 -0.178835 0.179109
5.414227 5.416551 0.000167 -0.239583 0.922520 0.083566 3.990715 3.990715 -3.990756
4.643634 4.643073 1.546053 1.229111 0.948563 -0.502970 -0.178788 -0.178788 -0.000186
4.639342 5.416044 2.322375 -0.917013 0.669075 0.893731 -0.178835 8.241940 0.000139
5.415857 4.637860 2.323253 0.575348 -1.657920 1.332664 8.241940 -0.178835 0.000139
5.415944 5.413502 1.549852 0.619050 -0.602203 1.396595 6.116302 6.116302 -0.000091
4.636750 4.637326 3.091269 -2.212963 -1.924837 -1.424280 -0.178788 -0.178788 -0.000182
4.642253 5.411610 3.867493 0.538390 -1.548091 -0.077196 -0.178835 8.241990 0.000000
5.418122 4.644767 3.868645 1.707756 1.795731 0.499048 8.241990 -0.178835 0.000000
5.413137 5.413945 3.093923 -0.784305 -0.380510 -0.097274 6.116302 6.116302 -0.000088
4.643753 4.639463 4.640967 1.288423 -0.856538 -0.104566 -0.178788 -0.178788 -0.178788
4.640253 5.412198 5.411799 -0.461545 -1.254139 -1.453691 -0.178882 6.116302 6.116302
5.415641 4.641705 5.413987 0.467479 0.264656 -0.359256 6.116302 -0.178882 6.116302
5.413985 5.414566 4.640620 -0.360698 -0.069897 -0.278122 6.116302 6.116302 -0.178882
